T0	20	20	2	0.593221759437	4.09106220628
T1	30	30	2	3.40552315112	24.5511127858
T2	70	70	2	2.72892128155	20.4024451078
T3	70	70	2	2.75384720315	12.8329655721
T4	20	20	2	1.55385929879	7.87070958588
T5	40	40	2	2.1138766772	12.9899348275
T6	70	70	2	4.15682767459	8.96181721868
T7	50	50	2	2.27205591636	5.58721673791
T8	40	40	2	6.63339779477	9.76922949378
T9	20	20	1	1.64626807115
T10	30	30	1	1.72054487479
T11	80	80	1	2.36201210243
T12	100	100	1	18.6334581932
T13	80	80	1	10.3036045449
T14	10	10	1	2.54273441619

