T0	30	30	2	0.550688162717	4.04046027256
T1	50	50	2	0.951176653351	5.04272493569
T2	30	30	2	0.301899330324	1.63808671838
T3	30	30	2	2.81613166489	11.5990714816
T4	10	10	2	1.90106645413	4.70134198869
T5	10	10	2	0.159261312259	1.10528336952
T6	20	20	2	1.14445706018	8.38620672717
T7	30	30	2	1.55635790923	8.07668052261
T8	60	60	2	3.62208244935	15.2557174433
T9	30	30	2	3.32642280869	10.440172812
T10	50	50	2	3.82773274126	7.58808057407
T11	30	30	1	8.64663051134
T12	20	20	1	2.23023643738
T13	30	30	1	5.71438631686
T14	10	10	1	1.87310276234

