T0	90	90	2	4.40814835457	28.2159708685
T1	10	10	2	1.0417424564	2.16443999451
T2	20	20	2	2.14964763617	14.555924451
T3	60	60	2	0.710208189077	3.74585233666
T4	10	10	2	0.296212603305	1.33192363702
T5	10	10	2	0.274259843117	2.17682593551
T6	90	90	2	11.6354004709	24.6681003385
T7	80	80	2	0.904767659376	7.09105205085
T8	50	50	2	4.92512794364	33.3107503322
T9	20	20	1	1.0404387352
T10	90	90	1	4.81777059848
T11	30	30	1	1.86344963613
T12	60	60	1	0.677576940013
T13	50	50	1	2.35813152785
T14	50	50	1	7.09356148703
T15	20	20	1	0.877973855906

