T0	10	10	2	0.35347257069	2.38993322316
T1	10	10	2	0.737280109512	5.88854033935
T2	40	40	2	4.31585599084	17.9873174177
T3	30	30	2	0.445410182858	2.71464472658
T4	90	90	2	0.771338499135	4.94312222874
T5	90	90	2	1.78444855477	7.68496872408
T6	60	60	2	2.62561958922	5.62854933601
T7	10	10	2	0.0962599788774	0.720975375278
T8	50	50	2	2.38003983433	8.37389488165
T9	80	80	2	7.65604969784	12.6627870636
T10	10	10	1	1.24600764009
T11	10	10	1	0.138187423763
T12	60	60	1	3.91020029221
T13	20	20	1	3.82202796434

