S0	T10	20	20	2	0.449305856489	0.449305856489
S0	T3	50	50	2	16.9981430741	38.9408053892
S0	T11MS3	100	100	1	36.743209435
S0	T6	10	10	2	0.205157802141	1.43085478916
S0	T13MS6	10	10	1	0.387180350585
S1	T0	10	10	2	0.442852713486	2.64796195708
S1	T12MS0	20	20	1	2.1679341459
S1	T1	50	50	2	6.21128653675	19.6550665272
S1	T5	60	60	2	2.73816762515	14.2495532878
S2	T2	90	90	2	5.61218362696	41.5090304352
S2	T7	20	20	2	0.641533009773	5.0794813112
S2	T8	10	10	2	0.214856263696	1.45889411557
S3	T4	90	90	2	19.9832281273	61.428120706
S4	T9	20	20	2	2.80163471505	8.33266877038
