S0	T0	10	10	2	0.816520069968	1.76829359486
S0	T13	10	10	1	0.671490578199
S0	T4	10	10	2	0.192525649936	0.671793507567
S0	T11MS4	60	60	1	1.73954996316
S0	T7	10	10	2	0.476431334368	3.50065327385
S0	T10MS7	10	10	1	1.59932154323
S0	T8	30	30	2	1.35300811463	6.32493571551
S0	T12MS8	30	30	1	4.24980308352
S1	T1	40	40	2	1.17070221284	7.93362393662
S1	T2	90	90	2	19.1890047073	56.1448653305
S1	T9	20	20	2	2.08245769303	3.35590957572
S2	T3	90	90	2	14.4640937074	69.7249933992
S3	T5	30	30	2	2.62102919609	11.4764822084
S4	T6	30	30	2	4.29021987752	25.4356590546
