T0	10	10	2	0.816520069968	1.76829359486
T1	40	40	2	1.17070221284	7.93362393662
T2	90	90	2	19.1890047073	56.1448653305
T3	90	90	2	14.4640937074	69.7249933992
T4	10	10	2	0.192525649936	0.671793507567
T5	30	30	2	2.62102919609	11.4764822084
T6	30	30	2	4.29021987752	25.4356590546
T7	10	10	2	0.476431334368	3.50065327385
T8	30	30	2	1.35300811463	6.32493571551
T9	20	20	2	2.08245769303	3.35590957572
T10	10	10	1	1.59932154323
T11	60	60	1	1.73954996316
T12	30	30	1	4.24980308352
T13	10	10	1	0.671490578199

