T0	10	10	2	0.536842802114	3.62995774435
T1	70	70	2	1.88047510683	10.5740434572
T2	20	20	2	2.67685636257	10.3215197576
T3	90	90	2	8.30100784885	42.3321912108
T4	70	70	2	2.63278127266	12.9746038403
T5	20	20	2	1.35241397319	8.28054880777
T6	90	90	2	1.82482206511	12.4257340266
T7	10	10	2	0.78796964208	5.69980796473
T8	30	30	2	1.96951502054	9.69599423366
T9	30	30	2	1.94833993298	5.72002024183
T10	40	40	2	1.73943108823	6.89005808936
T11	10	10	2	1.16832179564	3.05970760772
T12	10	10	1	0.410267464982
T13	20	20	1	3.62788867486
T14	10	10	1	2.63914818069
T15	40	40	1	1.95332979434
T16	30	30	1	3.98046485998
T17	10	10	1	3.46851493213
T18	20	20	1	3.82924105924

