T0	70	70	2	4.02513103588	28.8377472145
T1	70	70	2	5.86021188656	39.0026126079
T2	70	70	2	1.38421421427	10.599678557
T3	30	30	2	4.67797089492	22.7737494863
T4	30	30	2	1.26402163419	9.20190354962
T5	10	10	2	0.0736291199035	0.580580738065
T6	10	10	2	0.136676939161	0.760471228558
T7	20	20	2	1.48945171674	5.46687100939
T8	70	70	2	10.6906871833	48.6800262401
T9	10	10	2	1.5728118984	5.10695228534
T10	30	30	1	4.04203472101
T11	20	20	1	2.11313883228
T12	30	30	1	1.35754421436
T13	80	80	1	12.5149340221
T14	30	30	1	6.72617549608
T15	40	40	1	7.10744612968
T16	90	90	1	11.900407634
T17	100	100	1	9.62472703337
T18	10	10	1	0.934073354964

