T0	40	40	2	6.95147233023	18.9371166893
T1	30	30	2	2.77997956137	6.88104495348
T2	80	80	2	4.09305991615	10.5881595173
T3	20	20	2	0.539706511224	3.26875958572
T4	20	20	2	1.09876047817	3.98314918512
T5	70	70	2	16.053662376	52.894466758
T6	10	10	2	0.242919965887	1.03429667594
T7	40	40	2	1.32254729958	7.73418019086
T8	30	30	2	4.66204609228	24.7061963323
T9	10	10	2	0.948722098057	3.46464298333
T10	10	10	2	0.491869962055	2.78549137279
T11	10	10	2	0.507044893208	1.01283760024
T12	60	60	1	4.33161429339
T13	20	20	1	1.61159285446
T14	30	30	1	6.39713677581
T15	20	20	1	1.20894860828
T16	40	40	1	1.77254400602
T17	80	80	1	5.24911698494

