T0	10	10	2	0.383022076438	2.97335362531
T1	10	10	2	3.26131684419	6.56108237521
T2	50	50	2	6.73257775953	38.5223516616
T3	70	70	2	6.39627383783	32.2288596219
T4	10	10	2	0.467212885793	1.94525524208
T5	70	70	2	3.76333396348	15.5166551956
T6	40	40	2	8.30663597666	24.1745547118
T7	20	20	2	0.431010828378	3.29543190778
T8	10	10	2	1.31389606812	4.24128186409
T9	60	60	2	0.374484588417	0.374484588417
T10	10	10	1	0.75143721927
T11	10	10	1	0.680138766039
T12	60	60	1	5.05466689995
T13	50	50	1	7.39694146761

