T0	40	40	2	2.31505813069	16.969391486
T1	10	10	2	0.167087161309	1.20519910901
T2	50	50	2	6.42227602717	26.1864766919
T3	20	20	2	0.907950489206	6.92038634316
T4	10	10	2	0.666273322802	2.47805830628
T5	40	40	2	1.40586799739	10.7779487517
T6	100	100	2	5.44875330963	41.4727572997
T7	20	20	2	3.83134121013	9.65587401043
T8	10	10	2	1.26241452143	8.86569608503
T9	10	10	2	0.841510195113	0.841510195113
T10	100	100	1	3.71259401665
T11	10	10	1	0.363958785284
T12	10	10	1	1.9375655073
T13	20	20	1	1.44076271869
T14	20	20	1	3.94706858096
T15	10	10	1	0.836781001346
T16	100	100	1	10.2841904345
T17	10	10	1	0.211564674057

