S0	T1	10	10	2	1.78544480344	6.17137271602
S0	T11MS1	20	20	1	3.35324427259
S0	T5	10	10	2	0.990115762957	2.81919206705
S0	T10MS5	10	10	1	0.538282228371
S0	T12MS5	10	10	1	0.535287531764
S1	T0	20	20	2	1.67211432449	5.27099164332
S1	T2	20	20	2	1.84210449912	8.14738934678
S1	T3	50	50	2	3.88521850298	14.7234682121
S2	T4	100	100	2	6.62767925461	31.8166922698
S2	T6	70	70	2	6.2591049773	47.4145508688
S3	T7	60	60	2	3.60137549815	22.6548982407
S3	T8	40	40	2	2.17022688831	10.2907278157
S3	T9	40	40	2	2.31019468766	12.2075050326
