T0	10	10	2	1.29386795005	7.82511776359
T1	100	100	2	10.1666960038	60.4056633765
T2	20	20	2	3.62726621558	9.94759607933
T3	50	50	2	5.85430134387	37.21449298
T4	40	40	2	0.811330077721	2.0514159974
T5	10	10	2	1.91340610013	7.90264164683
T6	10	10	2	0.536475337989	1.7452690639
T7	20	20	2	1.75170859322	3.11370910605
T8	30	30	1	3.8879193092
T9	30	30	1	1.96803118832
T10	30	30	1	1.4650810751
T11	10	10	1	0.195383948771
T12	20	20	1	2.14893440353
T13	30	30	1	5.43540253292
T14	40	40	1	3.85359741546
T15	20	20	1	0.310753200888

