T0	60	60	2	9.30721193316	23.0552369563
T1	10	10	2	0.427956572286	1.06435729594
T2	90	90	2	6.32073858644	48.6810494649
T3	20	20	2	0.68525207207	2.99168452354
T4	20	20	2	3.52432706325	10.9633461443
T5	20	20	2	2.99990299526	16.6552468237
T6	40	40	2	1.19595168073	9.39084158753
T7	60	60	2	7.00405180744	30.8305686932
T8	10	10	2	0.392118165003	2.93273852295
T9	10	10	2	1.96008193406	1.96008193406
T10	10	10	1	1.31248284629
T11	10	10	1	1.21725515128
T12	60	60	1	9.6532703827
T13	60	60	1	7.05775260245
T14	20	20	1	1.05819725709

