S0	T1	50	50	2	5.04620096405	20.401502736
S0	T12MS1	50	50	1	3.96868302275
S0	T3	10	10	2	0.400993267729	1.58611359594
S0	T4	10	10	2	0.489849794207	2.04005126104
S0	T10MS4	10	10	1	1.41735215937
S0	T6	10	10	2	0.95406045811	2.10903295842
S0	T11MS6	30	30	1	1.84336154152
S1	T0	10	10	2	0.895751259782	6.35104200849
S1	T13MS0	10	10	1	0.645353231222
S1	T5	10	10	2	0.118744829109	0.702224054766
S2	T2	20	20	2	1.50108891552	11.4049472874
S2	T9	20	20	2	2.65407892956	7.1818736973
S3	T7	80	80	2	8.72726991885	52.9535272511
S4	T8	40	40	2	2.64974341978	20.8745367017
