T0	20	20	2	4.32896697006	14.4318346904
T1	10	10	2	0.55112255834	3.84596284545
T2	20	20	2	0.163309630705	1.04854152108
T3	80	80	2	6.69926442223	34.4966838007
T4	30	30	2	1.74297341389	12.4078947575
T5	20	20	2	2.35211834082	17.1804394788
T6	80	80	2	0.932383474607	6.29331748926
T7	80	80	2	2.03512909062	5.24185821819
T8	30	30	2	2.96886971145	21.2508113326
T9	80	80	2	1.4871882282	6.8006253939
T10	80	80	1	8.49628490023
T11	70	70	1	3.52479197587
T12	10	10	1	0.525944401972
T13	20	20	1	1.3150856218
T14	40	40	1	4.43952490777

