T0	40	40	2	1.45434146001	7.74810025488
T1	20	20	2	1.2007744703	4.81372518913
T2	10	10	2	0.253972344822	1.13738263986
T3	30	30	2	2.58187358626	14.384290571
T4	10	10	2	0.109865255384	0.589375365677
T5	10	10	2	1.22053390243	7.85196320124
T6	40	40	2	10.4021396352	33.0059712954
T7	30	30	2	2.65021628776	15.9346640342
T8	40	40	2	2.10660381359	5.7911925961
T9	20	20	2	1.94689739009	8.54356392063
T10	20	20	1	0.724966005424
T11	20	20	1	0.323445396323
T12	30	30	1	2.02319575505
T13	50	50	1	12.5756137645
T14	50	50	1	7.9433019931

