S0	T1	30	30	2	2.34844360262	8.47308957727
S0	T10	10	10	1	0.970230696743
S0	T2	10	10	2	0.134939065222	0.748981208628
S0	T4	10	10	2	0.83317080954	4.63036417627
S0	T11MS4	40	40	1	12.5534780202
S0	T9	20	20	2	0.0921578739229	0.0921578739229
S1	T3	10	10	2	0.483528722652	2.53791542977
S1	T5	10	10	2	1.6780627928	6.32940912996
S1	T12MS5	10	10	1	1.00636377909
S2	T7	60	60	2	2.33420725523	9.80524213136
S2	T8	10	10	2	1.62633204798	7.46774641407
S2	T13MS8	10	10	1	1.94853115268
S3	T0	20	20	2	3.96341494444	15.2503335928
S4	T6	80	80	2	4.46382742747	33.2461415491
