S0	T3	30	30	2	12.6050851285	26.1256828028
S0	T10MS3	60	60	1	2.39853587666
S1	T1	10	10	2	0.693380794183	2.67488760958
S1	T12MS1	70	70	1	4.68770706912
S1	T6	10	10	2	0.177305109392	1.3476097006
S1	T11MS6	10	10	1	0.576766973348
S1	T7	10	10	2	0.561304788849	4.35597475408
S1	T13MS7	10	10	1	1.3375296131
S2	T0	80	80	2	7.14620892133	48.1091191368
S2	T4	10	10	2	0.294383253051	2.00297494518
S2	T9	80	80	2	8.8676634861	15.6969087128
S3	T2	10	10	2	1.30155351935	5.55568571054
S3	T5	90	90	2	4.1690524722	22.6809998416
S4	T8	30	30	2	3.32981024949	8.57532531317
