T0	100	100	2	14.3800524033	68.3047477107
T1	100	100	2	11.5722152915	82.8516273257
T2	90	90	2	6.5254381328	25.8989441879
T3	90	90	2	3.45656972116	18.3441604577
T4	10	10	2	1.94386260427	5.70957716554
T5	20	20	2	0.823958575281	6.5219276811
T6	20	20	2	1.30615999671	10.0810707541
T7	50	50	2	0.73912934618	5.39019595414
T8	10	10	2	0.236523800308	1.60731686163
T9	30	30	2	3.0811925703	3.81608863371
T10	40	40	1	3.82358039253
T11	40	40	1	16.9099762379
T12	10	10	1	0.408936163358
T13	20	20	1	1.99042462029
T14	50	50	1	3.71577618648
T15	10	10	1	0.891686153116
T16	40	40	1	2.07461238039
T17	40	40	1	3.79892976437
T18	80	80	1	8.63098067799

