T0	80	80	2	4.05601495445	17.778248019
T1	10	10	2	0.692493995905	2.23548546235
T2	30	30	2	4.97456912069	25.5079946384
T3	90	90	2	20.8187905762	44.5958391949
T4	10	10	2	0.896000187191	1.85972460384
T5	30	30	2	2.4646597272	11.4523221449
T6	20	20	2	0.482499545279	2.10003395299
T7	80	80	2	5.31469640425	38.765097375
T8	40	40	2	2.3905475457	8.65293396811
T9	20	20	2	0.60948067681	2.62468850878
T10	20	20	2	1.00782227583	7.79818474761
T11	10	10	2	1.13698582455	1.13698582455
T12	50	50	1	4.52640968607
T13	10	10	1	0.529623701941
T14	20	20	1	2.03709068757
T15	30	30	1	0.921425093697

