T0	60	60	2	1.95630228007	9.65967559795
T1	10	10	2	0.703799547274	1.85770780919
T2	20	20	2	0.8493187334	4.10300965939
T3	20	20	2	1.65645378666	5.24758030489
T4	40	40	2	1.41689926297	10.5269233717
T5	10	10	2	0.932097785597	5.25724464173
T6	100	100	2	15.3600327126	40.0230787429
T7	10	10	2	2.18871120401	5.71748909823
T8	30	30	2	1.07664811095	3.85792031152
T9	10	10	2	0.928952344926	3.09456454095
T10	10	10	2	0.690837492214	2.11666139445
T11	20	20	2	0.167932321595	1.3091572667
T12	30	30	2	0.598392723048	3.2379030951
T13	100	100	2	2.41645690769	11.9424272227
T14	10	10	2	2.06352222241	2.82295705861
T15	80	80	1	11.9555066218
T16	30	30	1	4.23999263325
T17	10	10	1	0.706638058948
T18	40	40	1	0.887091885662
T19	20	20	1	0.757506746415
T20	90	90	1	4.35678759326
T21	40	40	1	4.72833491285
T22	10	10	1	1.83137871798
T23	20	20	1	2.69808244849

