S0	T1	10	10	2	0.55112255834	3.84596284545
S0	T11	70	70	1	3.52479197587
S0	T12	10	10	1	0.525944401972
S0	T2	20	20	2	0.163309630705	1.04854152108
S0	T3	80	80	2	6.69926442223	34.4966838007
S0	T10MS3	80	80	1	8.49628490023
S1	T5	20	20	2	2.35211834082	17.1804394788
S1	T13MS5	20	20	1	1.3150856218
S1	T6	80	80	2	0.932383474607	6.29331748926
S2	T0	20	20	2	4.32896697006	14.4318346904
S2	T14MS0	40	40	1	4.43952490777
S2	T7	80	80	2	2.03512909062	5.24185821819
S2	T9	80	80	2	1.4871882282	6.8006253939
S3	T4	30	30	2	1.74297341389	12.4078947575
S4	T8	30	30	2	2.96886971145	21.2508113326
