S0	T2	10	10	2	0.245430449195	1.21504900252
S0	T9MS2	30	30	1	1.18478019003
S0	T4	10	10	2	0.708220115419	2.57063417041
S0	T9MS4	30	30	1	1.18478019003
S0	T7	10	10	2	1.29362693496	4.06875557681
S0	T10MS7	100	100	1	1.57781034112
S0	T11MS7	40	40	1	5.56062300479
S1	T0	80	80	2	9.03338255643	67.4903529077
S2	T1	50	50	2	2.50396188325	17.4453305694
S2	T3	20	20	2	1.66946614213	10.9606008691
S3	T5	50	50	2	2.68335755934	15.6124498287
S3	T6	100	100	2	8.76183194986	38.3544909344
S4	T8	100	100	2	12.3572651036	57.8196152919
