T0	20	20	2	3.96341494444	15.2503335928
T1	30	30	2	2.34844360262	8.47308957727
T2	10	10	2	0.134939065222	0.748981208628
T3	10	10	2	0.483528722652	2.53791542977
T4	10	10	2	0.83317080954	4.63036417627
T5	10	10	2	1.6780627928	6.32940912996
T6	80	80	2	4.46382742747	33.2461415491
T7	60	60	2	2.33420725523	9.80524213136
T8	10	10	2	1.62633204798	7.46774641407
T9	20	20	2	0.0921578739229	0.0921578739229
T10	10	10	1	0.970230696743
T11	40	40	1	12.5534780202
T12	10	10	1	1.00636377909
T13	10	10	1	1.94853115268

