T0	30	30	2	1.15523916916	6.66163966083
T1	10	10	2	0.276961251759	1.439768638
T2	10	10	2	1.19287236329	5.20496494448
T3	30	30	2	1.49332313666	11.6845139218
T4	30	30	2	7.66323005887	25.1483192744
T5	100	100	2	7.74305971931	28.2053995445
T6	10	10	2	1.22069606519	7.77902754188
T7	40	40	2	3.34553272446	10.2869356271
T8	40	40	2	5.49806973243	14.7432295817
T9	20	20	1	1.13129268415
T10	20	20	1	1.83508254382
T11	50	50	1	2.58317658485
T12	10	10	1	0.536101053112
T13	30	30	1	6.41017253824
T14	10	10	1	1.11804163011
T15	10	10	1	0.980769996793

