T0	10	10	2	1.47583647055	6.73973483625
T1	60	60	2	2.25300034468	13.3377617793
T2	40	40	2	5.88729781357	19.3692352809
T3	50	50	2	3.12970166653	13.6233992602
T4	10	10	2	1.24467775391	3.07337484093
T5	20	20	2	0.862290381556	4.6574021651
T6	70	70	2	12.3093844332	51.1401618942
T7	20	20	2	0.258380874185	2.01192635271
T8	40	40	2	1.12407426193	6.5275158555
T9	30	30	2	1.9902777175	14.610304344
T10	100	100	2	10.5523522823	12.545592698
T11	90	90	1	8.13440436493
T12	10	10	1	0.44251028189
T13	30	30	1	3.88345720617
T14	70	70	1	3.77888896705

