T0	40	40	2	4.03248954048	31.4969701273
T1	20	20	2	1.43678963734	8.12175494489
T2	30	30	2	6.92713233735	25.7419497937
T3	60	60	2	1.82222370631	14.5606657777
T4	20	20	2	1.01591685239	6.73049243832
T5	60	60	2	1.21932215545	9.69751935012
T6	70	70	2	5.1725371498	31.7102030274
T7	100	100	2	2.33811931349	13.2748418003
T8	10	10	2	0.459948758543	2.99868496627
T9	10	10	2	0.143338138228	0.983046685801
T10	10	10	2	0.236708154685	0.236708154685
T11	10	10	1	2.01964411185
T12	40	40	1	2.6254011255
T13	10	10	1	1.94424133119

