T0	70	70	2	6.73971817232	34.2849953162
T1	40	40	2	5.29331275856	27.0540678955
T2	10	10	2	1.22419300713	7.85971279895
T3	10	10	2	0.337550042611	2.2123541503
T4	20	20	2	0.765228565279	1.96483827407
T5	10	10	2	1.10333115695	6.69905141937
T6	80	80	2	7.35408316344	22.7597212457
T7	30	30	2	7.10683919227	17.2203716731
T8	10	10	1	1.09596411822
T9	10	10	1	1.24144923214
T10	10	10	1	1.9801366522
T11	10	10	1	0.213165991069
T12	80	80	1	10.285222265
T13	80	80	1	3.3573829172
T14	30	30	1	1.17135323233
T15	70	70	1	11.9275750816

