T0	60	60	2	17.03289496	41.4355091341
T1	10	10	2	1.60671437897	7.95889906594
T2	30	30	2	1.78850780214	10.6855989493
T3	60	60	2	0.940996918854	6.31118707393
T4	60	60	2	9.90437834544	31.7269232012
T5	70	70	2	5.79350415822	42.9489661101
T6	10	10	2	0.309680581467	0.732848062889
T7	20	20	2	0.993475777313	2.06218052928
T8	20	20	2	0.411820808909	2.82830510892
T9	80	80	2	3.68700250398	23.0143426076
T10	80	80	2	7.24311107084	8.34544870144
T11	100	100	1	4.90302491614
T12	10	10	1	3.37088201784
T13	40	40	1	8.14448657172
T14	10	10	1	1.16993471313
T15	20	20	1	0.913514010572
T16	90	90	1	8.6024149669

