S0	T1	10	10	2	0.333964244007	1.93374106818
S0	T10MS1	10	10	1	0.651515462563
S0	T2	70	70	2	5.07278843632	15.6031417036
S0	T6	20	20	2	4.32055742853	10.4559484856
S0	T9MS6	60	60	1	7.62142731865
S1	T3	10	10	2	0.791634222254	5.32188380584
S1	T11MS3	30	30	1	5.97381183458
S1	T7	10	10	2	0.523389726619	2.3003703725
S1	T8	20	20	2	0.946224992935	1.05338768119
S1	T11MS8	30	30	1	5.97381183458
S2	T0	40	40	2	7.93163846047	30.532598443
S3	T4	10	10	2	1.09011551638	5.10011434248
S4	T5	90	90	2	9.75783042503	69.5434722614
