S0	T0	10	10	2	0.601449365296	1.43241913881
S0	T12MS0	30	30	1	2.36496032585
S0	T1	10	10	2	0.256126268469	0.699264153493
S0	T13MS1	20	20	1	0.248158193434
S0	T4	10	10	2	0.500201859861	1.43265555915
S0	T10MS4	10	10	1	0.752141453076
S0	T5	20	20	2	1.12323449679	8.42057660713
S0	T11MS5	20	20	1	1.47125248326
S0	T9	30	30	2	3.46400394386	3.46400394386
S1	T2	20	20	2	1.82607585818	11.1168523623
S1	T7	10	10	2	1.08589220989	2.58541005303
S2	T3	30	30	2	4.62111081132	19.8310147831
S3	T6	100	100	2	21.7114252728	56.1635222156
S4	T8	20	20	2	6.05587777451	17.4003562938
