T0	60	60	2	11.8518144261	28.9197494178
T1	30	30	2	0.463218640312	2.68078139579
T2	10	10	2	0.6547067665	2.7697220876
T3	70	70	2	2.85071050881	14.5386407074
T4	10	10	2	0.121674221135	0.85058435027
T5	90	90	2	5.99608755021	36.6255882183
T6	20	20	2	0.726084759951	2.95809129327
T7	40	40	2	7.37273685428	18.0495227165
T8	20	20	2	1.0565134539	1.0565134539
T9	10	10	1	1.70910710597
T10	50	50	1	6.25749126393
T11	10	10	1	3.45921142994
T12	100	100	1	20.3982972793
T13	40	40	1	7.6614135439
T14	100	100	1	29.9442773848

