T0	10	10	2	0.211701714152	1.34556837528
T1	40	40	2	1.90122669216	13.6417302933
T2	10	10	2	2.44697167987	6.49146298962
T3	50	50	2	3.06351218411	17.9737033039
T4	10	10	2	0.486096886103	3.08641816324
T5	20	20	2	2.07953668222	8.44641422083
T6	10	10	2	0.336370604799	1.24249572367
T7	70	70	2	14.6607659869	46.2397208257
T8	50	50	1	1.06499083502
T9	10	10	1	1.25012533607
T10	40	40	1	5.11013769055
T11	20	20	1	0.508450322918
T12	100	100	1	4.189692063
T13	30	30	1	0.683533377453
T14	100	100	1	1.26448294959

