T0	40	40	2	5.11082840795	26.9704207563
T1	30	30	2	2.78036019713	13.0631242397
T2	70	70	2	3.09914860767	13.3781219372
T3	30	30	2	2.61049442877	12.9251734867
T4	90	90	2	6.10477796595	42.2370730299
T5	70	70	2	5.04017221992	39.001801309
T6	10	10	2	0.290743112998	0.956885309387
T7	10	10	2	0.894425303343	1.46188930029
T8	30	30	1	0.959793209594
T9	10	10	1	0.843253514617
T10	30	30	1	2.58534949143
T11	10	10	1	0.65376716677
T12	10	10	1	1.71812502787
T13	100	100	1	8.65443665546
T14	10	10	1	0.337994698138

