T0	50	50	2	4.43381790049	18.4228260148
T1	50	50	2	4.82498910996	12.5539668241
T2	20	20	2	1.00165388395	4.84800990436
T3	50	50	2	1.38377220576	8.4543254683
T4	10	10	2	1.18777392489	4.46590974658
T5	40	40	2	2.60004197207	11.9021031638
T6	90	90	2	10.5975105134	28.8583556173
T7	10	10	2	0.222246683357	1.19779705815
T8	20	20	2	0.672279183621	5.18450723691
T9	20	20	2	1.00703427161	3.64759135633
T10	30	30	2	5.71542637008	10.2840166098
T11	50	50	1	0.798994448868
T12	100	100	1	15.4614701353
T13	20	20	1	0.262006155416
T14	10	10	1	0.725855155622
T15	10	10	1	1.10402613213
T16	60	60	1	5.38492287874
T17	30	30	1	1.38838539432
T18	80	80	1	26.2223688187

