T0	20	20	2	0.389597762053	2.00682454653
T1	10	10	2	0.185287614068	1.27422900486
T2	10	10	2	0.854680079528	4.6403884999
T3	70	70	2	2.772509117	7.81431974227
T4	30	30	2	0.5991937573	3.14738492068
T5	10	10	2	0.25313275388	1.61885159806
T6	100	100	2	12.5875832055	81.9645873829
T7	10	10	2	1.30549646964	7.26698900785
T8	20	20	2	5.33417191577	7.66842235829
T9	80	80	1	5.88327771854
T10	20	20	1	3.62357683999
T11	10	10	1	0.114008106351
T12	20	20	1	0.884110163509
T13	30	30	1	2.77316086818
T14	10	10	1	0.442294601558
T15	20	20	1	2.36676382051

