S0	T0	100	100	2	2.82511375656	12.7654657061
S0	T10	10	10	1	0.570170977119
S0	T2	80	80	2	4.58064265327	11.5239162817
S0	T3	10	10	2	0.119820995854	0.79941252439
S0	T9MS3	10	10	1	0.569192643424
S0	T4	10	10	2	0.26408321115	1.35385525426
S0	T11MS4	40	40	1	3.73614050965
S0	T5	10	10	2	0.956017897989	3.26406543914
S0	T12MS5	10	10	1	1.38524414009
S1	T1	50	50	2	6.44299210832	44.9800128485
S2	T6	30	30	2	1.21225711566	8.05168930377
S2	T7	70	70	2	7.53255754149	39.7792635738
S3	T8	30	30	2	3.59320313447	13.5089391989
