T0	20	20	2	0.25033419374	1.22700458347
T1	30	30	2	1.37227403559	2.84045683198
T2	60	60	2	2.42274015698	12.7077198053
T3	60	60	2	11.1294940168	31.6770542485
T4	20	20	2	5.83883183976	15.0950045859
T5	20	20	2	0.533966560689	1.72940852357
T6	10	10	2	0.554280056686	4.10833828455
T7	10	10	2	0.690667419112	4.82894078587
T8	30	30	2	1.53993353727	11.0781923905
T9	40	40	1	4.44090156167
T10	40	40	1	11.6901075736
T11	30	30	1	5.38546065614
T12	20	20	1	0.95813760307
T13	10	10	1	0.77631797223
T14	10	10	1	1.98914540133
T15	40	40	1	10.2523634247
T16	50	50	1	5.76348319449

