T0	10	10	2	1.05867760248	7.6968145927
T1	10	10	2	0.782244940658	1.68451876087
T2	30	30	2	3.81651656709	15.4440721633
T3	20	20	2	1.12031890444	5.02018441964
T4	40	40	2	2.08387162242	8.89112822558
T5	70	70	2	1.59391871237	6.5226386992
T6	30	30	2	1.33560429122	10.6277132992
T7	50	50	2	3.08739242871	19.6771807695
T8	60	60	2	5.82981747277	13.9677332623
T9	30	30	1	0.692510154384
T10	10	10	1	1.41899210733
T11	10	10	1	1.01397491595
T12	30	30	1	0.229247964615
T13	60	60	1	1.17918210187
T14	100	100	1	3.99591106357
T15	10	10	1	2.45725274936

