T0	100	100	2	10.0297268949	76.8097275645
T1	50	50	2	2.90737464201	18.7353605177
T2	10	10	2	0.4182280821	1.86978800444
T3	80	80	2	1.57792693587	11.1017170531
T4	10	10	2	0.199332504945	1.42917383011
T5	10	10	2	1.13266741011	4.0797488088
T6	20	20	2	0.464939089487	2.73198704986
T7	50	50	2	6.49770987089	17.7574726067
T8	80	80	2	2.92480988737	11.9915432011
T9	20	20	2	5.88915859576	6.77819783723
T10	70	70	1	10.4553966378
T11	10	10	1	0.534509567591
T12	10	10	1	2.31057742233
T13	60	60	1	18.0909374312
T14	10	10	1	0.307294211896

