T0	70	70	2	2.37648208237	13.6477665993
T1	10	10	2	0.738757680302	3.50657304806
T2	10	10	2	1.37365357323	6.64052125544
T3	50	50	2	2.30584853089	11.2861903298
T4	30	30	2	0.282140578015	2.10691302045
T5	20	20	2	0.298977289372	1.77444091537
T6	10	10	2	1.37315952084	8.90493202354
T7	20	20	2	0.232280374391	1.85139745999
T8	30	30	2	1.89403510715	9.99759074671
T9	10	10	2	0.893300887519	0.893300887519
T10	40	40	1	11.3209412883
T11	20	20	1	2.60599267063
T12	40	40	1	1.22465785716
T13	90	90	1	9.05133000507

