S0	T1	50	50	2	3.50198294075	8.75345505911
S0	T2	20	20	2	0.869482787096	3.16078097972
S0	T11MS2	20	20	1	1.39897990576
S0	T3	20	20	2	1.2494108017	5.41030756308
S0	T9MS3	100	100	1	10.6617311723
S0	T4	80	80	2	2.11598836415	9.10988432841
S0	T5	10	10	2	0.617486378375	2.33942460983
S0	T10MS5	10	10	1	1.09861348558
S1	T0	10	10	2	2.03622364723	4.52009580775
S1	T12MS0	10	10	1	1.88345959801
S1	T8	60	60	2	9.75818927467	10.8375072134
S2	T6	40	40	2	9.11939922442	30.9509550946
S3	T7	20	20	2	1.82302148356	12.8430375645
