S0	T0	30	30	2	0.709766915489	3.50544346424
S0	T11	10	10	1	0.531488021625
S0	T4	10	10	2	0.608675503629	2.26897254418
S0	T10MS4	20	20	1	1.60078184899
S0	T6	60	60	2	4.31479961444	34.4517553292
S0	T9MS6	60	60	1	11.2612022583
S1	T1	20	20	2	0.199015740749	1.03167709945
S1	T2	10	10	2	1.13340635839	7.07392067871
S1	T12MS2	30	30	1	6.7074795725
S1	T8	40	40	2	1.46828912782	1.46828912782
S2	T3	70	70	2	5.69123940517	17.7350415766
S2	T5	100	100	2	12.7926416669	51.9561139596
S3	T7	70	70	2	9.06467516038	35.9419676358
