S0	T4	30	30	2	5.48776589714	23.0110286956
S0	T9MS4	30	30	1	3.06237512205
S0	T6	10	10	2	0.291114660375	2.10680766075
S0	T10MS6	10	10	1	0.218639909205
S1	T0	10	10	2	1.13620856129	2.3778732947
S1	T12MS0	10	10	1	0.749381846826
S1	T1	60	60	2	3.27377265987	17.2863324078
S1	T2	90	90	2	7.24774714197	17.9374923801
S1	T3	20	20	2	0.648905870178	5.11093944163
S1	T11MS3	20	20	1	3.05826699978
S2	T5	90	90	2	5.78731410689	32.2102949338
S2	T7	90	90	2	10.748169057	33.0131886062
S2	T8	90	90	2	10.5150832951	10.5150832951
