T0	10	10	2	0.356962143881	0.986319225949
T1	50	50	2	6.98235064187	24.7822394052
T2	40	40	2	5.59068979465	17.8220645186
T3	50	50	2	1.21037273815	7.82001388883
T4	10	10	2	0.543435710114	2.25696868981
T5	70	70	2	5.54927645494	40.3772606257
T6	10	10	2	0.38728944738	2.38024773646
T7	10	10	2	0.154731820542	0.93474553026
T8	10	10	2	2.51850706373	4.69757193968
T9	10	10	1	0.126888334438
T10	10	10	1	0.283489010904
T11	10	10	1	1.79405837353
T12	100	100	1	31.3711246051
T13	20	20	1	2.42682746795
T14	50	50	1	1.0888828463

