T0	10	10	2	1.14584162541	4.6364037688
T1	10	10	2	0.110100634587	0.709340158873
T2	50	50	2	0.601898801385	3.29906325453
T3	10	10	2	1.20855560672	8.23884496251
T4	20	20	2	1.00693096112	7.00036974759
T5	90	90	2	8.334831447	39.1363864795
T6	40	40	2	7.62492911912	16.5795748345
T7	50	50	2	0.483659063655	3.11334557448
T8	100	100	2	1.1230983903	8.46216035871
T9	20	20	2	0.241768352725	0.586294678214
T10	20	20	1	0.79217707581
T11	10	10	1	0.355516629417
T12	90	90	1	4.65444950273
T13	20	20	1	1.60200808037

