T0	80	80	2	1.46193314201	7.07279746854
T1	30	30	2	1.61761650286	5.78661287262
T2	60	60	2	5.16983737609	25.0391415868
T3	40	40	2	3.31323972476	11.729659846
T4	10	10	2	0.68144068908	2.58728476532
T5	50	50	2	1.14720456987	4.35711093429
T6	50	50	2	4.54538952172	20.528005963
T7	70	70	2	2.33428651598	12.3490286225
T8	40	40	2	2.58222165129	8.10652681714
T9	20	20	2	2.41219414709	13.4526746756
T10	60	60	1	10.3703648191
T11	10	10	1	0.190211809879
T12	10	10	1	2.24007797383
T13	90	90	1	3.48773040575
T14	90	90	1	6.55955835927

