T0	10	10	2	1.59826196998	3.49684492885
T1	30	30	2	0.984417235567	3.85329165429
T2	50	50	2	0.842091693843	4.93712979938
T3	10	10	2	1.21896488102	8.06927325244
T4	30	30	2	4.16053928492	11.8783357667
T5	60	60	2	2.06416173912	16.1643742682
T6	40	40	2	1.7642908094	8.53476912237
T7	30	30	2	7.31554641797	18.7183403941
T8	10	10	2	0.861347233106	4.66337102765
T9	50	50	2	2.5792352328	19.0094149202
T10	40	40	2	3.59429335673	10.680498334
T11	10	10	1	1.66738414316
T12	70	70	1	9.67706881238
T13	70	70	1	5.37052200652
T14	90	90	1	1.52012773454
T15	10	10	1	0.934275616873

