T0	30	30	2	3.00547109287	11.4376656395
T1	50	50	2	2.59059969307	17.958282642
T2	30	30	2	4.57477199386	24.5155672056
T3	20	20	2	1.36018896896	8.90799202237
T4	10	10	2	0.855762553899	3.54253451706
T5	60	60	2	3.8347097985	19.2013131569
T6	20	20	2	1.47077496372	8.5018619345
T7	100	100	2	2.93246570474	18.0199640559
T8	20	20	2	1.04618606263	8.07389792304
T9	70	70	2	1.24225294701	8.97772702247
T10	10	10	2	1.85477436937	1.85477436937
T11	10	10	1	0.43733876954
T12	100	100	1	25.6053342571
T13	60	60	1	5.44156680157
T14	30	30	1	3.03672258085

