T0	20	20	2	0.321493210177	2.47985514796
T1	20	20	2	1.12084397893	4.03127456307
T2	80	80	2	6.27613179322	18.2580821247
T3	80	80	2	10.6827623031	25.1085830319
T4	10	10	2	0.159776055231	0.888780553294
T5	30	30	2	6.07445818811	13.0089516717
T6	70	70	2	5.68954315297	32.434790042
T7	30	30	2	2.46759827185	12.91914242
T8	10	10	2	1.28069769151	5.416677691
T9	80	80	2	4.32818880539	31.3895206747
T10	40	40	2	3.08537398032	15.2245218048
T11	20	20	2	0.735196194451	5.03843033054
T12	70	70	2	1.20871396653	6.49439718613
T13	20	20	2	1.13019512616	1.13019512616
T14	10	10	1	0.164728996909
T15	50	50	1	3.09645663753
T16	20	20	1	2.06712947416
T17	30	30	1	8.03128236758
T18	20	20	1	2.00465931559
T19	80	80	1	6.38793584431
T20	10	10	1	1.23062820717
T21	60	60	1	1.83231890401

