T0	20	20	2	0.671002298379	4.49174863395
T1	10	10	2	1.29729833171	7.32442245624
T2	20	20	2	2.77125586391	15.5132117657
T3	10	10	2	0.640645852526	2.60811312617
T4	90	90	2	5.06490847831	34.820569447
T5	60	60	2	4.11201405156	17.7821750712
T6	50	50	2	3.90798940972	21.1697097998
T7	70	70	2	6.76169020164	22.2471714393
T8	50	50	2	13.5639559565	29.1011345168
T9	10	10	1	1.31878072548
T10	20	20	1	1.1057124511
T11	40	40	1	4.12672365245
T12	10	10	1	1.28712775143
T13	50	50	1	2.41951960157
T14	10	10	1	1.52968288956

