T0	30	30	2	0.970109119709	6.94632646621
T1	20	20	2	0.274609104902	1.71057265719
T2	60	60	2	14.101793677	51.5204803914
T3	10	10	2	0.703554941348	3.08274273381
T4	10	10	2	0.783896819695	2.11728284682
T5	40	40	2	5.62499067362	24.7909209317
T6	40	40	2	2.61170090664	20.230195442
T7	40	40	2	8.21579964929	33.2403160232
T8	20	20	2	0.258344747895	1.49849693024
T9	80	80	2	4.13044906416	16.6652882242
T10	20	20	2	0.514455791649	1.28946322219
T11	20	20	1	0.181036382284
T12	60	60	1	14.9380456331
T13	10	10	1	1.16105691161
T14	10	10	1	1.10581459222
T15	30	30	1	7.91368943693
T16	60	60	1	8.14759051195
T17	10	10	1	1.16948471294
T18	40	40	1	0.941050666557
T19	10	10	1	1.47274713319

