T0	50	50	2	1.03141375832	7.12722652977
T1	60	60	2	0.710322668724	4.31801469555
T2	10	10	2	0.158433172239	0.971456063334
T3	20	20	2	3.17625904971	17.1140099654
T4	10	10	2	0.0949293672983	0.727306935699
T5	10	10	2	0.473089809373	3.30919574364
T6	10	10	2	0.104509263646	0.733285034319
T7	40	40	2	3.46603198216	12.780119086
T8	20	20	2	0.153698575605	1.00570992718
T9	20	20	2	2.25530823028	12.9442269087
T10	80	80	2	5.25119040881	30.7183094227
T11	10	10	2	1.85493905526	7.07619370855
T12	70	70	2	13.9478753401	17.2945936982
T13	30	30	1	0.614846644918
T14	40	40	1	1.56692124024
T15	10	10	1	0.568746297964
T16	20	20	1	0.940805595835
T17	100	100	1	2.67847273571

