T0	10	10	2	0.648743965253	1.77517222765
T1	60	60	2	2.63998869056	11.2646982822
T2	40	40	2	2.41998197058	16.5864739924
T3	70	70	2	1.19908345937	6.37030397627
T4	10	10	2	1.20375777123	2.85352961112
T5	30	30	2	2.34925379637	16.3819522995
T6	20	20	2	5.36045155444	11.1978061246
T7	20	20	2	1.22824677636	6.54426509339
T8	30	30	2	4.84793835623	20.6760371751
T9	30	30	2	2.13262623176	16.7785149372
T10	80	80	2	9.1665820678	12.9651955572
T11	10	10	1	1.40688105406
T12	20	20	1	0.484879640615
T13	60	60	1	4.87036698553
T14	10	10	1	0.208041393816
T15	10	10	1	1.92956795407
T16	100	100	1	31.1033643102

