T0	20	20	2	1.39293810111	3.63735757423
T1	50	50	2	10.1723621981	22.1295284148
T2	70	70	2	6.14737459671	19.7373415615
T3	10	10	2	0.171884922635	1.16859760769
T4	60	60	2	4.46750391956	27.8015389229
T5	10	10	2	0.43649236775	2.78223661901
T6	80	80	2	8.76904565143	64.0666784237
T7	30	30	2	6.50260974267	22.403536879
T8	10	10	2	0.561155320942	2.55134083258
T9	10	10	2	0.582161260583	2.88307253884
T10	40	40	2	5.76310983581	5.76310983581
T11	10	10	1	1.09820189989
T12	10	10	1	0.628241308235
T13	10	10	1	1.03330593478
T14	80	80	1	7.68206695038
T15	40	40	1	1.33296940427
T16	60	60	1	2.05512147892
T17	30	30	1	7.51380969706
T18	10	10	1	1.76348578893
T19	30	30	1	2.18704171925
T20	10	10	1	1.43474792872

