T0	20	20	2	1.41686980107	9.59630019221
T1	10	10	2	0.10080730224	0.708134045683
T2	30	30	2	0.549151368787	3.93628134543
T3	40	40	2	4.37295400677	20.381624048
T4	30	30	2	3.21240524685	15.0878240045
T5	10	10	2	0.39550095221	2.62894485323
T6	60	60	2	3.69867271842	21.2166729298
T7	10	10	2	0.72590387955	4.38017512795
T8	10	10	2	0.676048888871	4.73722600638
T9	30	30	2	7.08439552536	16.0434255894
T10	50	50	2	4.84936978982	12.1333736196
T11	10	10	1	0.706300342057
T12	10	10	1	2.5973622597
T13	70	70	1	0.731555912974
T14	20	20	1	2.36595322478
T15	80	80	1	9.68219095709
T16	40	40	1	4.80208909531
T17	70	70	1	0.813764658942
T18	60	60	1	5.46012309699
T19	20	20	1	2.65203157838
T20	10	10	1	0.754278097014

