T0	20	20	2	0.940103459664	5.74458446609
T1	60	60	2	1.37174774055	5.72165039664
T2	90	90	2	7.29288112107	53.9402520764
T3	30	30	2	3.66574457729	23.3723298199
T4	40	40	2	4.19296430553	32.5158109704
T5	10	10	2	0.481378945886	3.27952896337
T6	10	10	2	0.250291351772	0.654390647336
T7	40	40	2	0.515678013871	2.85192810368
T8	10	10	2	1.93315400194	4.92149685819
T9	90	90	2	9.88314523358	42.233491635
T10	10	10	1	1.15679577268
T11	50	50	1	6.72304695937
T12	20	20	1	4.96559078797
T13	10	10	1	1.40562061273
T14	60	60	1	12.6401024584
T15	40	40	1	3.99231293796

