T0	10	10	2	0.241558888566	1.68681891457
T1	50	50	2	8.9048759548	42.7899959346
T2	30	30	2	2.05137162682	5.28657421812
T3	10	10	2	0.455466937717	1.36859308467
T4	10	10	2	0.148869703553	0.797569873337
T5	20	20	2	2.68568700909	12.6089734551
T6	30	30	2	2.70156080472	7.52903963761
T7	40	40	2	0.706631813549	3.07675667551
T8	20	20	2	2.03738906386	15.9389671985
T9	30	30	2	1.16267108217	9.28188936678
T10	10	10	2	0.73047066088	3.50870201238
T11	30	30	2	5.01396907486	5.01396907486
T12	100	100	1	5.78220257761
T13	70	70	1	8.71417462006
T14	40	40	1	5.13562400573
T15	20	20	1	2.42254535043

