T0	100	100	2	11.5076946577	44.6583772417
T1	80	80	2	6.53229726137	40.2864992422
T2	30	30	2	1.90466161095	13.2010897833
T3	20	20	2	1.97518140576	8.49737183597
T4	20	20	2	0.343677497729	2.35170364254
T5	10	10	2	0.402335076087	1.64502347103
T6	20	20	2	1.27473762535	9.35913146137
T7	20	20	2	1.00683605781	2.15259517206
T8	10	10	2	0.425278241783	1.05675457522
T9	20	20	2	0.640962714084	2.52155681853
T10	80	80	2	3.02394204923	7.29966834603
T11	10	10	2	1.51368169697	3.98484595835
T12	20	20	2	2.74397580876	12.1154491927
T13	20	20	1	2.50223990273
T14	20	20	1	2.96558171902
T15	20	20	1	3.50412538432
T16	60	60	1	3.43142526518
T17	40	40	1	11.4444139383
T18	10	10	1	0.771375890049
T19	60	60	1	18.8216402785
T20	50	50	1	2.08127222282
T21	100	100	1	7.0094200744
T22	40	40	1	1.08816190529

