T0	10	10	2	0.101503550068	0.555882922859
T1	10	10	2	0.295056360336	1.8234951986
T2	30	30	2	3.63567899935	7.52810833495
T3	10	10	2	1.18573204789	5.92711707366
T4	40	40	2	3.51098940199	14.2577510262
T5	30	30	2	3.67443383867	16.0420760331
T6	60	60	2	10.0176438247	33.2091061184
T7	10	10	2	0.332189594537	1.88850471643
T8	50	50	2	6.2674210369	23.850847933
T9	100	100	2	12.4581790123	73.1636960018
T10	60	60	2	1.91895051669	4.5746640163
T11	70	70	1	5.59897194493
T12	20	20	1	5.09650497016
T13	40	40	1	5.90395493822
T14	30	30	1	6.94109240073
T15	20	20	1	0.706295296168

