T0	10	10	2	0.239283939068	0.957884620245
T1	10	10	2	0.306587670039	1.8679926577
T2	10	10	2	2.80202961528	8.41382532911
T3	30	30	2	3.1967068787	17.9077853776
T4	100	100	2	3.00139493809	19.5955765483
T5	10	10	2	1.48652295775	3.55865679937
T6	30	30	2	3.41619792025	19.3072488965
T7	80	80	2	5.55525829657	43.5130604545
T8	40	40	2	0.546151143806	2.28579862958
T9	90	90	2	2.48148710801	11.1295685592
T10	30	30	2	2.51295165877	10.769611713
T11	90	90	1	7.99179590264
T12	30	30	1	0.542483072145
T13	20	20	1	0.890625539339
T14	90	90	1	25.7472988687
T15	60	60	1	7.49314224628
T16	20	20	1	1.75580342284
T17	10	10	1	1.34891136613

