T0	90	90	2	1.87691535464	13.0954164221
T1	20	20	2	0.770300343262	2.98172069841
T2	20	20	2	0.990583106955	5.30893132459
T3	50	50	2	11.5936594613	42.1613349409
T4	60	60	2	2.67392371966	16.5188490245
T5	20	20	2	0.921950243408	5.96136038322
T6	40	40	2	0.965146128388	2.99515100795
T7	10	10	2	2.60935016214	8.18952522855
T8	40	40	2	2.99695077406	21.6118702124
T9	10	10	2	0.860389774392	3.81611837308
T10	40	40	2	3.06086557	8.30456051513
T11	30	30	1	11.3335361691
T12	40	40	1	6.8602733486
T13	50	50	1	0.629634987164
T14	40	40	1	2.10780975049
T15	10	10	1	0.385981434667
T16	10	10	1	0.954529793804
T17	60	60	1	6.66578561737
T18	10	10	1	0.933564530167
T19	10	10	1	0.175741456615
T20	10	10	1	1.52933489978
T21	90	90	1	4.1902806228

