T0	20	20	2	3.75949011267	8.51605313285
T1	10	10	2	0.580201364248	3.66217950365
T2	50	50	2	2.29999470996	8.91725440384
T3	40	40	2	3.90747643796	13.5267700216
T4	40	40	2	2.53424660849	15.4839751191
T5	70	70	2	6.01972221349	48.1351787832
T6	10	10	2	0.577701258901	4.30779385797
T7	40	40	2	1.74865268862	6.22982875501
T8	40	40	2	4.61893089196	19.8177697072
T9	40	40	2	3.255706559	12.5062993466
T10	20	20	2	4.44186868386	4.44186868386
T11	10	10	1	1.29501353336
T12	30	30	1	1.96297611459
T13	10	10	1	1.4299185733
T14	20	20	1	1.19330501908

