T0	40	40	2	1.55324160391	10.3868399843
T1	70	70	2	5.41645476707	42.5485430156
T2	10	10	2	0.894074650091	5.7172087239
T3	10	10	2	1.26938020899	7.483541214
T4	10	10	2	1.40337943436	7.57719723175
T5	20	20	2	0.653992635011	5.10146543138
T6	80	80	2	1.75991004327	12.6218294379
T7	30	30	2	2.49222908713	7.41665712528
T8	10	10	2	0.195052437348	0.709892195835
T9	20	20	2	1.60778578325	6.4728138266
T10	10	10	1	2.67235115173
T11	20	20	1	2.24101703969
T12	10	10	1	1.15927026241
T13	10	10	1	1.00819716191
T14	30	30	1	1.5889483047

