T0	20	20	2	1.40032277985	9.17631945068
T1	20	20	2	0.802749726055	2.22924573832
T2	20	20	2	1.86185044463	5.22970530578
T3	30	30	2	3.23795185403	13.0732256994
T4	10	10	2	1.34170854984	6.16994806799
T5	30	30	2	1.14638926154	4.07017923199
T6	70	70	2	8.77247007225	62.1862306156
T7	50	50	2	1.93040691118	12.1513847704
T8	20	20	2	2.63671235134	13.0520969849
T9	20	20	2	1.60127138871	3.91575139363
T10	100	100	1	3.89628737919
T11	90	90	1	3.36509521816
T12	10	10	1	0.216646222713
T13	70	70	1	8.64987937602
T14	10	10	1	1.04586733914
T15	20	20	1	2.05587849975

