T0	10	10	2	0.970780998195	5.31268133748
T1	20	20	2	3.40157653468	11.605198777
T2	20	20	2	1.09523696763	4.45003110784
T3	40	40	2	4.41306777991	19.3640362782
T4	10	10	2	0.633042230754	3.96702980693
T5	30	30	2	3.76388406961	12.7128657459
T6	10	10	2	0.261818017676	0.94565442503
T7	20	20	2	0.380254850797	2.61046887347
T8	10	10	2	1.52971840024	6.08562745995
T9	40	40	2	4.96386282261	21.1101064264
T10	40	40	1	4.8631851764
T11	10	10	1	0.949322253927
T12	10	10	1	0.851737446113
T13	50	50	1	0.608202469439
T14	10	10	1	0.760958231672
T15	10	10	1	1.5916039365
T16	100	100	1	5.39175301127
T17	10	10	1	2.96010747769
T18	30	30	1	4.27980154201

