T0	30	30	2	0.800584530541	5.16383493892
T1	10	10	2	1.53263351175	6.50067367177
T2	10	10	2	0.951105028414	6.50841320247
T3	60	60	2	0.890467345021	3.99065825557
T4	10	10	2	2.22264202623	5.57179526745
T5	90	90	2	3.67635441895	23.9369247993
T6	20	20	2	2.36314965611	10.0754449179
T7	30	30	2	1.21818380404	8.54890510943
T8	40	40	2	3.6033476	28.5200056033
T9	40	40	2	3.4980816639	5.4228505151
T10	10	10	1	1.45351120775
T11	20	20	1	6.52716550954
T12	60	60	1	6.11566335784
T13	10	10	1	0.877671604576
T14	30	30	1	1.14923385806
T15	50	50	1	6.37977361736

