T0	20	20	2	0.999016514415	6.93180290345
T1	10	10	2	0.29342510887	0.958176663202
T2	80	80	2	2.0229490209	14.5453494069
T3	20	20	2	1.65479892161	10.1331150784
T4	30	30	2	2.15830110387	9.17766035122
T5	60	60	2	7.38618808799	16.1730005629
T6	10	10	2	0.42706973339	2.87620147491
T7	10	10	2	0.538236577776	3.70108165498
T8	30	30	2	4.3385387384	14.1880818684
T9	90	90	2	1.98700506074	13.4812813421
T10	10	10	2	0.775028566692	4.91319991458
T11	40	40	2	3.97830893089	20.8748465709
T12	20	20	1	0.447667524444
T13	80	80	1	4.29408044918
T14	20	20	1	0.807939184623
T15	50	50	1	4.81104228783
T16	10	10	1	1.07908983694
T17	10	10	1	2.00202250272
T18	70	70	1	1.57343145117

