T0	10	10	2	0.108721862272	0.762838948392
T1	40	40	2	6.44101146231	35.3230902081
T2	80	80	2	1.29248384686	9.69067595595
T3	30	30	2	2.28417909288	12.6583670627
T4	70	70	2	3.42760255027	14.3879521843
T5	30	30	2	0.399161497552	2.86387110316
T6	30	30	2	1.36561859067	8.35543503548
T7	20	20	2	1.86329451908	7.32917004535
T8	10	10	2	2.60256439818	6.57336490462
T9	10	10	2	0.346039727819	1.59171704179
T10	80	80	2	4.26643243777	26.5828524347
T11	50	50	2	4.42256222025	20.139421703
T12	50	50	1	3.4555284008
T13	20	20	1	0.635215486977

