T0	80	80	2	3.02490554989	21.946853133
T1	100	100	2	6.57917297217	28.5429906463
T2	10	10	2	1.31223213964	5.63091930894
T3	30	30	2	3.91478592236	25.426935082
T4	20	20	2	2.03383917779	4.71218493315
T5	20	20	2	1.52016878226	3.16899273446
T6	100	100	2	0.987940244472	7.76413096156
T7	20	20	2	1.41034882054	8.82128118489
T8	60	60	2	4.46835830536	34.5723889011
T9	10	10	2	0.694325482311	4.50392227445
T10	10	10	2	0.902150343749	0.902150343749
T11	20	20	1	2.07654887845
T12	20	20	1	0.772009302156
T13	80	80	1	21.6916809988
T14	30	30	1	3.2629422701

