T0	30	30	2	0.907563113571	2.97639521667
T1	90	90	2	22.6214833273	56.3660615611
T2	30	30	2	3.72594931739	17.599830748
T3	10	10	2	1.70437321395	5.78148664569
T4	50	50	2	7.98778258933	42.4342480918
T5	40	40	2	0.862630834671	6.34250944158
T6	10	10	2	1.33521546294	6.75322245346
T7	60	60	2	2.59845549159	7.16162071285
T8	30	30	2	4.21868158093	9.23271825812
T9	30	30	1	4.51518816797
T10	10	10	1	0.776226918657
T11	80	80	1	12.827839698
T12	60	60	1	15.4820781891
T13	30	30	1	3.4850363385
T14	100	100	1	5.07982671809

