T0	90	90	2	28.4588617995	78.4770039156
T1	60	60	2	4.42671365467	29.1270275539
T2	40	40	2	4.89366994586	29.7147228938
T3	10	10	2	0.42603987676	2.28047945409
T4	40	40	2	1.76180542202	12.3237719203
T5	10	10	2	0.578633848641	3.65894094569
T6	80	80	2	5.18347063903	23.7219894598
T7	70	70	2	4.94610457981	19.6637696611
T8	60	60	2	1.37741799024	6.6103480302
T9	80	80	2	4.49384659488	20.7386869418
T10	10	10	2	0.202931236412	0.508365029146
T11	50	50	1	3.2225115542
T12	40	40	1	0.640384694959
T13	80	80	1	8.02240808581
T14	50	50	1	3.05609942798
T15	60	60	1	7.9806456673
T16	20	20	1	3.81237462299
T17	10	10	1	1.23227184753

