T0	20	20	2	0.912366044332	2.25251916491
T1	60	60	2	6.80080172555	49.8774989551
T2	60	60	2	8.77604028946	27.2467899411
T3	20	20	2	0.979569930743	5.78056944438
T4	20	20	2	1.07495089727	3.45822970322
T5	10	10	2	0.399042518103	2.11819704279
T6	90	90	2	0.83539815182	6.19794740753
T7	20	20	2	2.34761445222	17.3663182416
T8	10	10	2	0.990151190384	5.48244248844
T9	20	20	2	4.49999212009	8.8556664386
T10	40	40	1	5.10373333781
T11	10	10	1	0.986048477407
T12	20	20	1	0.388356397741
T13	10	10	1	2.67335131076
T14	10	10	1	3.69602135647
T15	60	60	1	9.80259162725
T16	40	40	1	2.73737074803
T17	10	10	1	0.555929530482
T18	10	10	1	0.17012926514

