T0	10	10	2	0.480818179352	3.21626820901
T1	60	60	2	7.84311867917	42.7304340378
T2	20	20	2	1.03922146174	5.39534113174
T3	80	80	2	4.25184608881	31.1147000593
T4	40	40	2	4.7976281055	17.428296491
T5	100	100	2	4.49530266567	28.9071539996
T6	10	10	2	0.142082143129	0.912098099274
T7	50	50	2	5.95772489663	39.4749553515
T8	90	90	2	4.22608414425	18.1985022304
T9	20	20	2	2.29783039795	7.5439056765
T10	10	10	2	0.998408391569	1.22609737749
T11	90	90	1	3.49553198897
T12	30	30	1	2.60658919843
T13	10	10	1	1.80069022187

