T0	70	70	2	9.05927930978	55.1604562073
T1	80	80	2	7.31248572608	16.0593493042
T2	20	20	2	1.35496819884	6.12808362582
T3	10	10	2	0.200089755161	0.926733671644
T4	10	10	2	0.451806767896	2.61471948985
T5	10	10	2	0.695944933831	2.19295031235
T6	10	10	2	1.89567615789	4.85793229277
T7	50	50	2	1.84035002084	4.85118367528
T8	10	10	2	0.320110679279	1.4953586743
T9	30	30	2	2.21900703206	12.0754333068
T10	10	10	2	1.21739045282	8.96606675383
T11	10	10	2	0.999331986167	0.999331986167
T12	10	10	1	1.17465061495
T13	20	20	1	2.84668911046
T14	20	20	1	4.38982149877
T15	10	10	1	2.11605295953
T16	60	60	1	6.71902024585

