T0	10	10	2	0.925824055051	6.69478147711
T1	20	20	2	1.55843376544	5.64558070623
T2	40	40	2	1.45915222806	9.56176741948
T3	10	10	2	0.203436123617	1.49584288507
T4	70	70	2	2.60045288579	6.62294895062
T5	40	40	2	5.76351408846	12.3858033039
T6	50	50	2	15.2198126774	30.8327658439
T7	10	10	2	1.40498943968	8.91565226721
T8	10	10	2	0.30769448986	2.38910083695
T9	40	40	2	1.29029039031	9.15532684923
T10	40	40	2	4.66976056132	11.173676217
T11	20	20	1	1.57981835041
T12	20	20	1	0.631893249666
T13	60	60	1	9.23534776824
T14	50	50	1	4.13915333182
T15	10	10	1	0.159487492064
T16	100	100	1	10.3319998183
T17	10	10	1	0.997853027626
T18	20	20	1	0.926883929989
T19	60	60	1	6.11143213351

