T0	10	10	2	0.562290561952	1.62771930996
T1	10	10	2	1.17562407551	3.19348465836
T2	10	10	2	0.693231581722	1.50582845815
T3	30	30	2	5.49263735347	17.8653710827
T4	100	100	2	9.0126744257	39.6544765961
T5	30	30	2	2.57702257344	14.6671378735
T6	70	70	2	14.1784063432	34.0078042293
T7	40	40	2	1.78025829369	7.10630677807
T8	50	50	2	1.60558358811	11.5841641196
T9	50	50	2	7.81065425765	19.5736583505
T10	10	10	2	0.518724607679	3.41804466036
T11	20	20	2	0.432716380086	2.75246049141
T12	10	10	2	0.230037400093	1.20267642021
T13	60	60	1	19.2804452566
T14	90	90	1	3.10878404898
T15	50	50	1	1.98620159744
T16	10	10	1	0.433827190133

