T0	30	30	2	6.53502206517	20.6818466721
T1	10	10	2	0.915996375689	5.35785209659
T2	10	10	2	0.80338008974	6.292304261
T3	30	30	2	4.03608646254	11.5214247471
T4	20	20	2	1.49609162343	3.45534705272
T5	80	80	2	2.75626854455	19.0692761717
T6	30	30	2	0.385352023603	2.0904770656
T7	10	10	2	0.169797729366	0.981799678283
T8	100	100	2	14.3224502317	74.2414746296
T9	20	20	2	1.90703603986	8.80262791685
T10	30	30	1	12.4208024897
T11	50	50	1	7.82485134617
T12	80	80	1	2.66059198208
T13	30	30	1	0.74477486345
T14	70	70	1	16.1968828131
T15	20	20	1	0.830536787088
T16	30	30	1	3.16370019804
T17	20	20	1	4.18173463559

