T0	30	30	2	2.76439571867	20.1067786029
T1	40	40	2	3.24276097343	10.2162558588
T2	50	50	2	1.68344923916	12.9668966546
T3	10	10	2	0.118815218813	0.911219175999
T4	10	10	2	0.97788436841	2.57485763179
T5	10	10	2	0.284020076435	1.780110448
T6	80	80	2	2.48109790781	7.47971783335
T7	20	20	2	0.568518921905	3.55271190127
T8	10	10	2	1.67872084807	5.1727892345
T9	10	10	1	3.61874333725
T10	40	40	1	1.38762374104
T11	10	10	1	0.0981353540692
T12	60	60	1	8.6842379168
T13	10	10	1	0.684165875751
T14	10	10	1	0.676596204752
T15	30	30	1	3.39939506821
T16	40	40	1	5.88005465255

