T0	70	70	2	0.984062452703	7.35162499519
T1	80	80	2	8.40012783927	65.0791630464
T2	20	20	2	0.480865031953	3.71434606087
T3	50	50	2	5.73533128698	18.3281111054
T4	10	10	2	0.539038538341	2.32980023383
T5	40	40	2	1.93520227669	11.8044434758
T6	60	60	2	1.2287444049	5.60965685158
T7	10	10	2	0.427780038666	3.29275630976
T8	20	20	2	0.423720108295	1.92878664665
T9	10	10	2	0.819073681066	0.819073681066
T10	20	20	1	0.932397495956
T11	10	10	1	2.20864403532
T12	60	60	1	1.31345115243
T13	20	20	1	1.8795005292
T14	30	30	1	1.44624652492

