T0	30	30	2	3.31044713845	12.2323129011
T1	10	10	2	0.27274974207	0.622460477758
T2	80	80	2	1.45193859968	8.84984358213
T3	10	10	2	0.38760617029	2.97808668215
T4	70	70	2	4.77429011149	28.9827100501
T5	10	10	2	0.201764030322	0.651439980114
T6	10	10	2	0.573024777231	3.65896285606
T7	10	10	2	0.201732864375	0.885664282461
T8	20	20	2	2.42905911877	14.4729829304
T9	90	90	2	5.78555122322	5.78555122322
T10	10	10	1	0.206975858062
T11	20	20	1	1.35586367142
T12	30	30	1	4.71454998571
T13	20	20	1	4.71262165141

