T0	10	10	2	0.454047699538	1.73684900703
T1	10	10	2	1.48307813203	6.20082997595
T2	20	20	2	1.41270638507	8.13616826478
T3	10	10	2	0.115864641437	0.786419255456
T4	10	10	2	0.409731269104	1.56780307005
T5	80	80	2	1.68135416959	5.26101497086
T6	20	20	2	3.41788115032	9.28613728922
T7	10	10	2	0.10534520487	0.752567230263
T8	100	100	2	25.0959849482	55.8675181289
T9	20	20	1	2.29635735359
T10	60	60	1	3.65818576364
T11	70	70	1	6.77149861953
T12	90	90	1	3.93581138562
T13	50	50	1	9.12353832947
T14	70	70	1	1.28184160683
T15	50	50	1	8.15572016587
T16	20	20	1	2.33945860034

