T0	100	100	2	2.33922230999	15.3905391752
T1	10	10	2	0.438067627757	1.32517274942
T2	70	70	2	5.18285118033	23.1367010075
T3	10	10	2	0.270059266278	1.54323274404
T4	20	20	2	0.905302996233	2.77695566775
T5	90	90	2	10.6057540986	66.1074837361
T6	100	100	2	21.057265674	83.9815777608
T7	100	100	2	11.0406843518	40.33780742
T8	90	90	2	15.9974424882	19.0944473878
T9	40	40	1	4.17068804817
T10	100	100	1	10.0317831235
T11	60	60	1	7.23558739095
T12	10	10	1	1.83644093193
T13	10	10	1	1.77064406023
T14	40	40	1	14.3308149649

