T0	40	40	2	1.29347209789	3.23890595588
T1	60	60	2	0.935240764733	3.94565480242
T2	90	90	2	15.140502523	58.4979572696
T3	10	10	2	1.0728542821	4.39472338538
T4	90	90	2	6.81348262012	33.7674343969
T5	50	50	2	9.37565651022	37.3600186755
T6	10	10	2	1.18031721751	6.11070404312
T7	60	60	2	1.82782783609	6.43784222185
T8	40	40	2	0.92219729959	0.92219729959
T9	30	30	1	5.18987772725
T10	40	40	1	2.161368405
T11	80	80	1	5.0020905749
T12	30	30	1	3.30730576718
T13	10	10	1	0.725680995361
T14	10	10	1	0.380999025788

