T0	10	10	2	0.943303998441	3.08913937679
T1	10	10	2	2.98416518731	7.3489437815
T2	20	20	2	0.660279729541	1.54333488761
T3	10	10	2	0.797990196166	5.74142311031
T4	10	10	2	1.03730884525	2.90955164234
T5	10	10	2	0.689791171368	2.24191775699
T6	20	20	2	0.377720948229	2.53805890379
T7	80	80	2	2.85482466913	10.1781644834
T8	20	20	2	0.969698906596	6.08999740235
T9	10	10	2	0.890131533179	3.31105817476
T10	10	10	1	2.79490759048
T11	100	100	1	13.5098504892
T12	30	30	1	3.46717770617
T13	40	40	1	1.18259550667
T14	10	10	1	1.42294676899

