T0	10	10	2	1.1347958848	5.51023982604
T1	10	10	2	0.685156309261	3.17286461425
T2	10	10	2	1.07617450682	3.61979137623
T3	10	10	2	0.657575740109	2.25833907293
T4	40	40	2	1.07133921838	4.47795907764
T5	10	10	2	1.05556323991	5.10573587294
T6	30	30	2	2.01718381617	7.07342013665
T7	10	10	2	0.426182115154	2.08727852235
T8	40	40	2	3.08397895405	21.499812316
T9	20	20	2	0.787002309281	0.787002309281
T10	10	10	1	1.75435223323
T11	100	100	1	12.6156900788
T12	30	30	1	3.28628346123
T13	20	20	1	2.06397706046

