T0	20	20	2	0.588812179595	3.71632950698
T1	90	90	2	2.52604952927	5.56875015564
T2	30	30	2	2.73774499338	17.0469921832
T3	20	20	2	0.422993362766	2.44083750332
T4	10	10	2	0.566417207451	3.69034885192
T5	20	20	2	0.591665304714	1.98566944307
T6	100	100	2	10.0758393253	41.5665268171
T7	70	70	2	21.1764068594	58.6979569534
T8	30	30	2	2.70048926953	12.9588109554
T9	10	10	2	0.0754734209353	0.0754734209353
T10	90	90	1	10.6674253984
T11	90	90	1	4.27594146822
T12	50	50	1	15.1530826791
T13	20	20	1	0.672920274662
T14	90	90	1	13.363229772

