T0	70	70	2	2.41686591129	6.08207650117
T1	20	20	2	7.31700730396	15.811743136
T2	10	10	2	0.452181989902	1.96379106936
T3	10	10	2	1.27756171253	3.83896586032
T4	70	70	2	2.08242317029	16.1846563656
T5	20	20	2	0.686852590681	5.35623171124
T6	80	80	2	1.10896683843	5.76712064902
T7	20	20	2	1.04609168952	5.00890019784
T8	80	80	2	6.29805594077	29.2163094986
T9	30	30	2	5.65026134156	13.6647448237
T10	50	50	1	5.72532118425
T11	10	10	1	0.4631727482
T12	30	30	1	5.89096026002
T13	40	40	1	5.67374896699
T14	30	30	1	3.4430521221

