T0	20	20	2	0.302060801028	2.16519490084
T1	10	10	2	1.21539524946	6.53714606128
T2	20	20	2	0.712337285643	3.5721544802
T3	10	10	2	0.319580589722	1.16254389772
T4	10	10	2	0.469387897201	2.60237549686
T5	10	10	2	0.271854059971	2.09259135267
T6	30	30	2	0.562793460556	3.5696854822
T7	40	40	2	3.44789055412	9.44775857254
T8	20	20	2	1.02498759704	5.07522506991
T9	80	80	2	6.91768428008	52.422251039
T10	20	20	2	2.18247764144	6.18887956452
T11	10	10	1	3.17681753741
T12	30	30	1	2.94056485296
T13	30	30	1	1.44425410893

