T0	40	40	2	1.04727415773	5.73156335765
T1	20	20	2	0.546388782275	1.58429858686
T2	10	10	2	0.44673500829	1.60921172315
T3	30	30	2	0.766767515373	4.31563816127
T4	100	100	2	8.35233479982	56.0537383108
T5	20	20	2	1.25545760678	9.80437103793
T6	20	20	2	0.555482836965	2.79820242784
T7	10	10	2	1.04124891629	5.30618545857
T8	10	10	2	2.7438725883	7.26811043545
T9	30	30	2	3.73873689679	3.73873689679
T10	50	50	1	1.7400673189
T11	80	80	1	5.33148394534
T12	70	70	1	5.14253016217
T13	20	20	1	4.86167504029
T14	10	10	1	2.63225585794
T15	100	100	1	33.2497444307
T16	80	80	1	4.59989719294

