T0	70	70	2	0.619251467554	3.76841078073
T1	20	20	2	1.18118795781	5.25467978501
T2	20	20	2	1.49723127146	10.2388839069
T3	20	20	2	0.521976188258	3.34601723175
T4	30	30	2	2.49155981343	4.99821894306
T5	20	20	2	0.892163900364	5.58478676975
T6	70	70	2	3.32639444362	18.2648717848
T7	30	30	2	0.69373631083	3.54777187895
T8	80	80	2	25.5857913543	59.1821894982
T9	10	10	2	0.534826336144	3.34840776633
T10	30	30	2	0.854814179308	5.92385753477
T11	50	50	2	0.353700595121	0.353700595121
T12	60	60	1	5.25451021198
T13	10	10	1	2.16621218905
T14	100	100	1	11.6129653097
T15	50	50	1	3.86722704552

