T0	10	10	2	1.83592912641	7.79757655151
T1	30	30	2	3.52687059698	16.6854809207
T2	40	40	2	2.90928877139	18.9632299137
T3	10	10	2	0.111148630531	0.848333358264
T4	10	10	2	0.305980210475	2.22953449696
T5	100	100	2	11.1738491197	77.3476275649
T6	40	40	2	1.92928531233	15.1450933007
T7	60	60	2	7.83930611073	25.6979816373
T8	90	90	2	14.9753978584	18.1609930807
T9	50	50	1	11.3873188754
T10	20	20	1	2.56621431334
T11	50	50	1	2.42721700878
T12	10	10	1	0.721205698715
T13	10	10	1	0.796360183437
T14	20	20	1	6.27950316464

