T0	60	60	2	4.2465393517	22.4837640023
T1	30	30	2	8.08291163307	17.9687298542
T2	20	20	2	4.00150517762	17.5582380589
T3	10	10	2	0.922227992036	4.04204437366
T4	10	10	2	0.234127574332	1.45603054738
T5	40	40	2	4.49595371682	10.683172865
T6	30	30	2	0.4025137073	2.3810686831
T7	20	20	2	1.1712821663	4.41455272726
T8	50	50	2	4.23759506779	16.9122970092
T9	10	10	2	0.649236765471	3.00774646905
T10	80	80	2	20.6131229764	23.3917633541
T11	30	30	1	7.73224604208
T12	10	10	1	1.04258304498
T13	10	10	1	0.549009436144
T14	20	20	1	3.29645645992
T15	10	10	1	0.539484149513
T16	20	20	1	1.96413597008

