T0	20	20	2	1.65057765207	11.788209903
T1	60	60	2	2.32246095432	17.4904108831
T2	100	100	2	3.04026513104	10.3308761381
T3	20	20	2	1.21468991727	5.08769800992
T4	90	90	2	7.51545447392	55.9594998794
T5	40	40	2	8.53153347256	26.1711102353
T6	20	20	2	1.66269636416	11.7053044525
T7	30	30	2	4.00726125986	21.2272290994
T8	10	10	2	0.924994922181	0.924994922181
T9	10	10	1	0.737460983224
T10	10	10	1	0.133603042696
T11	10	10	1	0.457732886184
T12	10	10	1	0.97026456971
T13	60	60	1	4.14195243908
T14	40	40	1	1.13893235822

