S0	T0	30	30	2	1.38126049796	3.74652423749
S0	T6	40	40	2	1.80700848797	8.2861774244
S0	T11MS6	40	40	1	4.34659312247
S0	T7	20	20	2	4.51482137694	13.0505949907
S0	T12MS7	40	40	1	10.8329088622
S1	T10	10	10	2	0.884925776709	0.884925776709
S1	T2	20	20	2	5.95604412419	16.2275184453
S1	T13MS2	100	100	1	2.84064211062
S1	T5	30	30	2	0.397273021433	1.83813375293
S2	T1	30	30	2	1.83870148928	5.70987459774
S2	T4	10	10	2	0.448924352037	3.50136673917
S2	T14MS4	10	10	1	1.03264254588
S2	T9	80	80	2	3.18850340469	24.2440581311
S3	T3	10	10	2	1.52276718651	5.85097717209
S4	T8	30	30	2	5.44948062226	15.7703333264
