S0	T2	10	10	2	0.216716013058	0.745619381304
S0	T9MS2	50	50	1	2.53854375281
S0	T3	10	10	2	0.190574381087	1.42723169729
S0	T10MS3	70	70	1	3.83929256923
S0	T4	80	80	2	8.27815505499	21.5668420164
S0	T6	50	50	2	0.360093865395	2.61472957027
S0	T8	50	50	2	2.46828325731	2.46828325731
S1	T1	10	10	2	1.12150441598	7.96489654469
S1	T11MS1	20	20	1	5.33191373362
S2	T0	10	10	2	2.13925108247	8.53401775248
S2	T12MS0	70	70	1	3.26211697493
S3	T5	30	30	2	4.22856079176	23.8019648032
S4	T7	40	40	2	10.3382494512	34.7271541558
