S0	T0	10	10	2	0.793929337881	3.14316880532
S0	T11MS0	80	80	1	11.7394689247
S0	T7	80	80	2	10.8933161875	50.3161946208
S0	T10MS7	80	80	1	31.2559834037
S1	T1	10	10	2	0.96486997398	2.89713271472
S1	T12MS1	40	40	1	6.67099418099
S1	T3	10	10	2	0.28177912207	1.10318210639
S1	T4	10	10	2	0.365224097287	1.67484268577
S1	T6	70	70	2	3.49199544398	21.8900607373
S2	T2	60	60	2	13.5524476701	48.2530224773
S3	T5	10	10	2	1.52417595465	7.21157934738
S3	T9	20	20	2	1.06746698198	4.44957765227
S4	T8	10	10	2	0.52233006315	3.28645923989
