T0	80	80	2	2.9417275387	8.45298915632
T1	20	20	2	1.93481989362	15.4132999294
T2	10	10	2	0.785256331821	5.20492485866
T3	20	20	2	1.55722954971	8.7925212218
T4	60	60	2	4.60777484018	23.962729028
T5	100	100	2	0.985383526855	6.48823309849
T6	20	20	2	1.69859810635	11.6601261712
T7	10	10	2	2.03081253922	7.20966570211
T8	10	10	2	0.657560137864	2.9532006523
T9	10	10	1	1.75408651828
T10	70	70	1	1.42034080887
T11	100	100	1	12.9878366042
T12	80	80	1	9.10590921868
T13	90	90	1	18.5439889896
T14	40	40	1	4.28947747665

