S0	T1	20	20	2	1.86233183998	5.21107795554
S0	T10MS1	40	40	1	3.36239080793
S0	T6	40	40	2	8.26937088152	24.837016026
S0	T12MS6	40	40	1	0.951134579878
S0	T9	50	50	2	0.666296184164	0.666296184164
S1	T7	10	10	2	1.59892901892	8.87784638531
S1	T11MS7	20	20	1	3.94666872483
S2	T0	20	20	2	0.795286362445	5.07869767726
S2	T13MS0	20	20	1	0.730384499435
S2	T2	70	70	2	3.59441111399	24.7147660568
S2	T4	30	30	2	1.80806738985	10.3836917968
S3	T3	60	60	2	4.00692431805	27.7355351123
S3	T5	60	60	2	2.39676055568	7.93855029565
S4	T8	10	10	2	0.887566306085	5.69716018945
