T0	40	40	2	1.3983126459	7.03681801837
T1	90	90	2	18.1899849052	79.8023065454
T2	10	10	2	0.885865899898	6.43699345747
T3	10	10	2	0.412410393127	1.57804989959
T4	10	10	2	0.705069166346	3.95418364125
T5	60	60	2	3.85709926431	18.7173498825
T6	10	10	2	0.574905075698	3.6446892321
T7	30	30	2	5.89538827587	25.5903278986
T8	20	20	2	1.76122647877	2.2205774044
T9	10	10	1	2.96440823132
T10	100	100	1	12.2607284165
T11	10	10	1	1.18537448535
T12	10	10	1	0.209499554386
T13	20	20	1	0.328695572955
T14	70	70	1	3.71408350532
T15	20	20	1	0.795659902121
T16	10	10	1	1.64282230734
T17	70	70	1	2.88862531804

