T0	30	30	2	0.407568813677	3.25363893177
T1	10	10	2	1.0124764489	7.88343058461
T2	10	10	2	1.48240745372	8.04303505202
T3	10	10	2	0.575554686337	1.43410392901
T4	10	10	2	0.557290734214	3.48997045304
T5	20	20	2	0.874141143885	5.02999503019
T6	10	10	2	0.602092218408	2.54895512749
T7	90	90	2	14.2697310344	48.0543616863
T8	50	50	2	4.16512246357	12.1025661519
T9	40	40	2	5.708921092	16.9642971083
T10	90	90	1	10.4081427245
T11	80	80	1	8.07570025695
T12	70	70	1	25.5213211402
T13	80	80	1	1.45324247114
T14	10	10	1	1.35197653343

