T0	100	100	2	5.99204461527	29.2828593104
T1	10	10	2	0.139851542494	0.70408340614
T2	20	20	2	5.19049066155	16.3671184635
T3	70	70	2	6.72621475567	49.6345470597
T4	70	70	2	2.27897637824	13.1050987355
T5	10	10	2	1.2596476453	5.66376190553
T6	10	10	2	0.464186750785	3.12495169745
T7	10	10	2	1.64653196777	7.57030463543
T8	70	70	2	13.0357265534	13.0357265534
T9	10	10	1	0.394937627739
T10	10	10	1	2.09001918315
T11	10	10	1	0.491532828156
T12	40	40	1	6.57040917192
T13	50	50	1	4.35593750917
T14	10	10	1	1.25813440259
T15	20	20	1	2.16645981675
T16	30	30	1	6.12419080912

