T0	30	30	2	2.13416511553	11.0011278497
T1	60	60	2	3.19996024538	9.76706931016
T2	30	30	2	1.15160894999	7.27849810526
T3	50	50	2	4.72486618826	30.1017120875
T4	10	10	2	0.540159778249	2.97881972434
T5	10	10	2	1.21053950927	6.58188771332
T6	10	10	2	0.976699525214	4.69491965616
T7	50	50	2	1.3181086821	9.33794947669
T8	10	10	2	0.501436272444	2.28046173976
T9	80	80	2	23.5907338803	53.522928026
T10	40	40	2	0.658237254666	0.658237254666
T11	40	40	1	2.0963383625
T12	70	70	1	4.823844182
T13	40	40	1	11.1350656479
T14	100	100	1	0.919576440813
T15	60	60	1	0.871741076892
T16	50	50	1	6.11301126478
T17	30	30	1	0.7579781864
T18	50	50	1	5.83571647929
T19	70	70	1	4.30822118378
T20	50	50	1	5.82521407687

