T0	80	80	2	5.11753200221	14.8191886778
T1	30	30	2	3.29373819003	10.2775797194
T2	10	10	2	0.41369211889	1.52270117782
T3	90	90	2	34.5579545772	72.778185457
T4	20	20	2	0.61754087036	2.75744500056
T5	30	30	2	6.05726468083	17.1767804296
T6	40	40	2	2.86657349904	15.4854079923
T7	10	10	2	0.950373501238	2.67605918644
T8	10	10	2	0.829544540327	4.5555060562
T9	10	10	2	1.06628115003	5.90534206271
T10	10	10	1	1.14444498176
T11	10	10	1	0.402136191413
T12	40	40	1	4.77711091254
T13	60	60	1	5.60196887609
T14	50	50	1	5.43003831191
T15	10	10	1	0.419358309641
T16	10	10	1	1.63402474502
T17	10	10	1	0.878174977567
T18	20	20	1	3.93784209566

