T0	10	10	2	0.820812389061	4.12922177081
T1	90	90	2	31.8572469509	66.6972738933
T2	20	20	2	2.17827774665	11.1069272019
T3	30	30	2	0.653405509768	2.53215388565
T4	10	10	2	0.696372782447	2.87176420022
T5	10	10	2	0.587284924843	3.04144861277
T6	10	10	2	1.13989249124	3.56823427211
T7	10	10	2	0.301533874018	1.97089333084
T8	30	30	2	6.36380011443	24.2642831224
T9	40	40	2	6.08808133045	6.08808133045
T10	10	10	1	1.59609865208
T11	80	80	1	11.8511322313
T12	50	50	1	3.74038427675
T13	10	10	1	0.514883991365
T14	10	10	1	2.47651222821
T15	20	20	1	0.30680893957
T16	10	10	1	1.28146888039

