S0	T0	10	10	2	2.04525769001	6.10060548972
S0	T12MS0	10	10	1	2.31334714333
S0	T4	20	20	2	0.562664835207	2.72762820946
S0	T13MS4	40	40	1	0.411112965827
S0	T8	10	10	2	0.379355926294	2.41623515898
S0	T14MS8	10	10	1	1.03836714612
S1	T11	20	20	1	0.659914872215
S1	T2	50	50	2	4.86357752331	15.0945319647
S1	T5	100	100	2	2.82372770068	20.0205283524
S1	T7	10	10	2	1.15817817301	3.18203767923
S1	T15MS7	20	20	1	2.89047714678
S2	T1	100	100	2	28.8746600822	78.549345282
S3	T3	100	100	2	6.38732559306	37.4414371803
S3	T6	100	100	2	13.2932954185	37.8305626379
S4	T10	40	40	2	4.83140321762	12.0915300171
S4	T9	20	20	2	0.838633540874	5.02266264973
