S0	T0	60	60	2	3.44335907829	7.20883964789
S0	T14MS0	60	60	1	1.438711458
S0	T1	70	70	2	3.58757023221	10.6847454782
S0	T2	10	10	2	0.236828159643	0.736541205295
S0	T13MS2	40	40	1	0.864618320042
S0	T4	10	10	2	0.344439452365	1.96221247446
S0	T16MS4	10	10	1	0.751481587149
S0	T6	10	10	2	0.75027605616	3.23088126233
S0	T7	60	60	2	1.47096346124	7.66838812337
S1	T3	20	20	2	5.41191106078	17.9585070481
S1	T15MS3	80	80	1	9.54959774119
S2	T5	10	10	2	1.36863292448	7.51541664547
S2	T8	30	30	2	0.675364254349	5.20980790126
S3	T10	10	10	2	0.554495250208	3.38240511151
S3	T11	20	20	2	1.09589128131	5.41870675369
S3	T9	10	10	2	0.36625833038	2.37320108763
S4	T12	10	10	2	2.15643195522	2.36820250561
