S0	T0	80	80	2	3.02052029572	12.6903180782
S0	T1	30	30	2	4.32719778614	24.9403434224
S0	T11MS1	90	90	1	2.26551544022
S1	T3	10	10	2	0.253518408498	0.934179845125
S1	T4	20	20	2	0.256262757063	1.67567977851
S1	T6	20	20	2	0.412875161336	2.32604755877
S1	T7	20	20	2	2.61357262867	12.8166732166
S1	T12MS7	20	20	1	2.62233937451
S2	T10	10	10	2	0.563360268535	1.19687047563
S2	T2	50	50	2	3.84768984192	25.3290370193
S2	T5	40	40	2	1.80170414622	14.0614240371
S3	T8	80	80	2	4.0035096496	28.5355434854
S3	T9	30	30	2	2.81145648958	19.2357164587
