S0	T12	10	10	1	1.93308450683
S0	T2	10	10	2	0.918335672904	6.46113903617
S0	T10MS2	10	10	1	0.676749083336
S0	T11MS2	20	20	1	6.16404249257
S1	T0	20	20	2	3.04325697925	7.60182891046
S1	T1	60	60	2	4.53173732831	24.7043867255
S1	T5	50	50	2	1.11211133177	8.03327888232
S2	T3	30	30	2	3.45730011288	16.8638444856
S2	T4	10	10	2	0.359000749937	2.13628506827
S2	T7	90	90	2	3.1718368401	18.0476278025
S3	T6	20	20	2	1.06024522206	6.72030418173
S3	T8	30	30	2	1.67478643729	12.3721655724
S4	T9	20	20	2	6.13085763356	11.5336542427
