T0	20	20	2	1.05469088524	3.22589479689
T1	60	60	2	1.02204359078	7.0022063112
T2	10	10	2	0.293969300544	1.55534770249
T3	20	20	2	1.3039198378	6.18788290468
T4	80	80	2	7.92893164728	33.6822372404
T5	10	10	2	0.860314955742	4.98793594678
T6	20	20	2	0.95798925707	4.42892772203
T7	30	30	2	1.15915609779	5.82983572541
T8	40	40	2	3.20826299163	25.0072158638
T9	50	50	2	12.2980056474	36.3002462175
T10	20	20	2	2.23960739061	9.40583562821
T11	90	90	1	7.81598821766
T12	10	10	1	1.22109982435
T13	10	10	1	0.463987685791
T14	10	10	1	1.40582627168
T15	60	60	1	1.72834798319
T16	30	30	1	3.25268049461
T17	40	40	1	4.1782613225
T18	10	10	1	0.201615873204
T19	90	90	1	5.10274052359

