T0	40	40	2	11.9180219757	35.1411622215
T1	30	30	2	1.34268793449	8.69809286038
T2	10	10	2	0.290275571052	1.57803657583
T3	10	10	2	0.206873902341	0.843218146709
T4	10	10	2	0.291860640859	1.93169135649
T5	10	10	2	1.75395712426	6.052429699
T6	10	10	2	0.231906378406	1.82314876252
T7	30	30	2	1.40820381244	6.90546763416
T8	50	50	2	4.1899206283	21.9943557343
T9	30	30	2	5.88587684496	16.4055251392
T10	40	40	2	3.58350907859	11.6704741839
T11	30	30	1	5.2102245247
T12	10	10	1	1.06634222566
T13	100	100	1	7.69870139179
T14	10	10	1	1.21960935057
T15	70	70	1	17.2485289995
T16	100	100	1	5.87120622615
T17	10	10	1	0.325899962761
T18	50	50	1	2.99967444998

