S0	T0	10	10	2	0.0740031458104	0.506880695794
S0	T13	10	10	1	0.429687500501
S0	T15	10	10	1	0.736361581513
S0	T2	30	30	2	1.11948795874	4.42185405696
S0	T3	10	10	2	0.564241071512	3.7319030156
S0	T11MS3	30	30	1	2.31510747489
S0	T5	10	10	2	0.422578165331	2.62279688167
S0	T12MS5	10	10	1	2.04099327585
S1	T1	50	50	2	2.12134047072	10.6479510432
S1	T6	20	20	2	1.7321173002	5.38250707653
S1	T7	20	20	2	2.41005928808	9.92427845305
S1	T14MS7	60	60	1	2.23091098546
S2	T4	20	20	2	6.06403722832	16.5929236763
S3	T8	20	20	2	3.22332604599	10.9744431631
S3	T9	20	20	2	1.11137482926	5.4629605134
S4	T10	40	40	2	6.95886942584	17.4652856193
