S0	T1	60	60	2	1.15882391686	8.09606406055
S0	T3	30	30	2	1.8060837892	4.64528278413
S0	T12MS3	30	30	1	2.73685821001
S0	T4	10	10	2	0.306269517768	1.93901184645
S0	T11MS4	20	20	1	0.964375749744
S0	T14MS4	40	40	1	2.551148802
S0	T6	10	10	2	0.64779379245	4.87982600855
S0	T13MS6	80	80	1	13.2649845209
S1	T5	10	10	2	1.05364596192	5.69178861971
S1	T15MS5	20	20	1	3.0286240244
S1	T7	60	60	2	3.88839225811	11.25239534
S1	T9	20	20	2	0.713521857689	2.78300275416
S2	T0	30	30	2	7.32556197184	18.4750894341
S2	T10	10	10	2	1.66943232977	1.66943232977
S3	T2	10	10	2	2.12601761341	7.42313186407
S4	T8	10	10	2	1.76226018959	5.07377398153
