S0	T0	10	10	2	0.148325428218	0.57634981836
S0	T13MS0	10	10	1	0.239075194011
S0	T1	90	90	2	6.12651099527	18.0211177122
S0	T10	10	10	2	0.521749362554	2.5092450049
S0	T12MS10	30	30	1	2.01896624665
S0	T2	10	10	2	0.833464677656	1.78985999986
S0	T5	10	10	2	0.444121217315	1.58384630693
S0	T14MS5	20	20	1	2.25688052796
S0	T6	20	20	2	0.3936766633	2.75052125212
S1	T11	10	10	2	1.0093797233	1.75582462606
S1	T3	70	70	2	5.62424865869	20.9615242769
S1	T4	90	90	2	5.1768579369	35.453895635
S2	T7	20	20	2	2.66430064961	14.2724381026
S3	T8	100	100	2	10.8494864099	51.9521191236
S4	T9	90	90	2	14.48900599	73.2780993269
