T0	20	20	2	0.399150280989	2.02726176816
T1	40	40	2	7.33714644208	22.7771799177
T2	20	20	2	3.39784902684	16.0394773773
T3	70	70	2	13.6144001394	47.5307707487
T4	50	50	2	3.75932311486	9.9542173386
T5	10	10	2	1.85687560857	7.14243950541
T6	90	90	2	8.03762291552	41.3699768509
T7	10	10	2	1.38800040523	3.75227827322
T8	20	20	1	0.570160300503
T9	10	10	1	2.85243757658
T10	50	50	1	11.3877225306
T11	60	60	1	19.2798454623
T12	10	10	1	0.871298277829
T13	20	20	1	5.08050393849
T14	10	10	1	0.0942632957878
T15	70	70	1	4.13639309229

