T0	10	10	2	0.35309402411	1.7247808861
T1	10	10	2	0.105848657808	0.828205550686
T2	10	10	2	0.690809108997	3.38924209863
T3	20	20	2	0.607121506647	2.90272526618
T4	30	30	2	2.76669606493	12.6538341282
T5	10	10	2	3.68225661004	7.57463968239
T6	90	90	2	6.76359717432	30.6739186064
T7	30	30	2	6.67247236079	17.4865177593
T8	60	60	2	1.53969686766	10.1963066983
T9	20	20	2	0.978375229754	7.11496553836
T10	20	20	2	1.1769780461	7.6426259459
T11	40	40	2	1.29824892083	5.99436726509
T12	40	40	1	10.1324129764
T13	10	10	1	2.72547511285

