T0	30	30	2	0.796315187945	5.37935763776
T1	10	10	2	1.21904803795	3.39362618509
T2	20	20	2	7.83702345146	16.5417782407
T3	10	10	2	0.117689322644	0.802115020799
T4	80	80	2	23.9888582084	59.4367402108
T5	10	10	2	2.1620614177	7.77834661715
T6	10	10	2	1.66521717143	6.37778680123
T7	50	50	2	1.79080839781	13.8734234885
T8	40	40	2	1.51935927485	1.51935927485
T9	10	10	1	0.881338409333
T10	70	70	1	4.98227376296
T11	10	10	1	2.02303231451
T12	60	60	1	2.24607883409
T13	80	80	1	21.2264778036
T14	10	10	1	0.120314745218

