T0	60	60	2	4.21059106888	29.5137666603
T1	100	100	2	11.5202699565	45.7556023264
T2	30	30	2	0.31777520684	1.90757313545
T3	20	20	2	2.4950815216	17.8013982341
T4	40	40	2	0.790492109889	4.43883028174
T5	30	30	2	3.23680012501	18.6590002549
T6	60	60	2	3.74864940029	27.3725411606
T7	60	60	2	3.51733389223	27.7313113462
T8	40	40	2	8.19068978522	13.8222883543
T9	10	10	1	1.10340114807
T10	30	30	1	6.6522516414
T11	40	40	1	1.76384475472
T12	70	70	1	3.13040893666
T13	10	10	1	0.389236228757
T14	10	10	1	1.22710776698
T15	10	10	1	2.41043202945

