T0	10	10	2	0.258898609053	1.13932531103
T1	20	20	2	1.81306492984	10.6815169544
T2	40	40	2	0.489610873209	3.5438104539
T3	10	10	2	0.877070957207	6.41867491676
T4	30	30	2	1.22618891689	9.49116443595
T5	10	10	2	0.0788010975658	0.511637402598
T6	30	30	2	4.64045145514	23.0108092081
T7	20	20	2	2.82318768017	8.79257346364
T8	100	100	2	9.25174178512	51.4260055614
T9	70	70	2	7.99138101197	30.3154094341
T10	10	10	1	1.00823912772
T11	100	100	1	15.1326719624
T12	20	20	1	0.563527923411
T13	20	20	1	3.14600825307

