S0	T4	10	10	2	0.143981470579	1.14533590709
S0	T11MS4	10	10	1	0.964546129983
S0	T6	20	20	2	2.17118081004	10.8708434666
S0	T9MS6	50	50	1	6.92853866535
S0	T7	60	60	2	3.42806771399	14.1669264478
S0	T9MS7	50	50	1	6.92853866535
S0	T8	10	10	2	1.04732988599	1.04732988599
S1	T1	40	40	2	5.39411224758	34.6507171833
S1	T10MS1	80	80	1	3.98501808571
S1	T3	80	80	2	3.56543739615	9.35217763019
S2	T0	30	30	2	2.41063940745	8.3309384713
S3	T2	30	30	2	7.29709920663	26.135615186
S4	T5	20	20	2	4.72712356548	15.3804106939
