S0	T0	30	30	2	0.400664236193	3.18042265522
S0	T13MS0	30	30	1	2.23120399072
S0	T1	20	20	2	1.49402804183	6.15385019413
S0	T14MS1	60	60	1	9.73569292372
S0	T12	40	40	1	0.624923543417
S0	T4	100	100	2	3.30654297138	11.829842041
S0	T7	80	80	2	3.32085289253	25.4456959371
S0	T10MS7	80	80	1	14.7163308081
S1	T6	20	20	2	2.720269138	17.9905956973
S1	T11MS6	20	20	1	6.69263865177
S2	T2	10	10	2	1.35789982141	5.81262526915
S2	T5	80	80	2	8.05340434456	18.7629145157
S3	T3	100	100	2	15.0219956804	50.8652742907
S3	T8	100	100	2	17.5057700014	43.4393633834
S4	T9	60	60	2	20.0746528744	23.4929197317
