T0	10	10	2	2.04525769001	6.10060548972
T1	100	100	2	28.8746600822	78.549345282
T2	50	50	2	4.86357752331	15.0945319647
T3	100	100	2	6.38732559306	37.4414371803
T4	20	20	2	0.562664835207	2.72762820946
T5	100	100	2	2.82372770068	20.0205283524
T6	100	100	2	13.2932954185	37.8305626379
T7	10	10	2	1.15817817301	3.18203767923
T8	10	10	2	0.379355926294	2.41623515898
T9	20	20	2	0.838633540874	5.02266264973
T10	40	40	2	4.83140321762	12.0915300171
T11	20	20	1	0.659914872215
T12	10	10	1	2.31334714333
T13	40	40	1	0.411112965827
T14	10	10	1	1.03836714612
T15	20	20	1	2.89047714678

