T0	30	30	2	1.38126049796	3.74652423749
T1	30	30	2	1.83870148928	5.70987459774
T2	20	20	2	5.95604412419	16.2275184453
T3	10	10	2	1.52276718651	5.85097717209
T4	10	10	2	0.448924352037	3.50136673917
T5	30	30	2	0.397273021433	1.83813375293
T6	40	40	2	1.80700848797	8.2861774244
T7	20	20	2	4.51482137694	13.0505949907
T8	30	30	2	5.44948062226	15.7703333264
T9	80	80	2	3.18850340469	24.2440581311
T10	10	10	2	0.884925776709	0.884925776709
T11	40	40	1	4.34659312247
T12	40	40	1	10.8329088622
T13	100	100	1	2.84064211062
T14	10	10	1	1.03264254588

