T0	30	30	2	0.400664236193	3.18042265522
T1	20	20	2	1.49402804183	6.15385019413
T2	10	10	2	1.35789982141	5.81262526915
T3	100	100	2	15.0219956804	50.8652742907
T4	100	100	2	3.30654297138	11.829842041
T5	80	80	2	8.05340434456	18.7629145157
T6	20	20	2	2.720269138	17.9905956973
T7	80	80	2	3.32085289253	25.4456959371
T8	100	100	2	17.5057700014	43.4393633834
T9	60	60	2	20.0746528744	23.4929197317
T10	80	80	1	14.7163308081
T11	20	20	1	6.69263865177
T12	40	40	1	0.624923543417
T13	30	30	1	2.23120399072
T14	60	60	1	9.73569292372

