T0	10	10	2	0.567370495182	1.50466034428
T1	30	30	2	5.61300449891	22.4596388302
T2	100	100	2	9.07159157165	62.4338804987
T3	10	10	2	0.106713058719	0.500332830614
T4	50	50	2	1.92483525625	4.21524867357
T5	20	20	2	0.895362999211	4.78007825526
T6	50	50	2	3.87766373093	21.3885942641
T7	20	20	2	1.98244322488	14.1215899736
T8	60	60	2	4.30570965054	27.7553234911
T9	40	40	2	12.2114566595	16.270330192
T10	10	10	1	1.09152870997
T11	30	30	1	3.81377779553
T12	30	30	1	1.75529490088
T13	20	20	1	0.324674443037

