T0	60	60	2	5.63482365388	16.8884724427
T1	10	10	2	0.396234601801	2.93882431695
T2	20	20	2	1.14039654264	9.10853232436
T3	30	30	2	0.412477003009	2.93678918451
T4	10	10	2	0.723476036246	2.8578528293
T5	30	30	2	3.5987771814	19.9862551124
T6	20	20	2	2.15807935073	6.09902507099
T7	10	10	2	0.676747451838	2.11386346611
T8	40	40	2	1.77245763289	12.7813878554
T9	20	20	2	2.65096470787	13.7025492831
T10	90	90	2	15.9559646235	26.8496902065
T11	20	20	1	3.6749206667
T12	30	30	1	0.916830480826
T13	30	30	1	2.66164642274
T14	10	10	1	0.500302162932
T15	80	80	1	26.6948718178
T16	20	20	1	1.48681416374
T17	40	40	1	0.691598532796
T18	20	20	1	2.44266443993
T19	80	80	1	4.96904948338

