S0	T5	20	20	2	1.86712598304	6.17824643148
S0	T10MS5	20	20	1	1.54674312881
S0	T6	40	40	2	10.7081498639	26.5955528739
S0	T12MS6	40	40	1	3.025937176
S1	T1	10	10	2	0.478076006817	2.11031785359
S1	T11	10	10	1	0.851828412034
S1	T2	30	30	2	2.57927769319	8.76669303114
S1	T13MS2	30	30	1	0.940294805239
S1	T8	10	10	2	1.04848584843	3.81651013693
S1	T14MS8	50	50	1	8.9555494386
S2	T0	90	90	2	17.8492004844	79.095301873
S2	T4	10	10	2	0.117826097472	0.853847802498
S3	T3	30	30	2	4.108497664	23.1051520715
S3	T9	20	20	2	0.724399599417	1.31144396242
S4	T7	80	80	2	3.65124405215	19.3062043938
