T0	50	50	2	5.52367176332	13.8662190704
T1	10	10	2	0.343532883628	2.50401493393
T2	20	20	2	0.220908326213	1.44640598569
T3	30	30	2	4.04677685923	8.96145019761
T4	10	10	2	1.41413646998	3.84569271011
T5	20	20	2	0.449988135006	3.47834088541
T6	10	10	2	1.43081762513	6.13880556859
T7	40	40	2	1.26867791516	8.69107801004
T8	60	60	2	2.6433655217	15.7221012534
T9	10	10	2	0.837107928953	4.78076894295
T10	10	10	2	0.70333281768	4.01727909018
T11	20	20	2	3.54853584034	9.39510345465
T12	50	50	1	19.7587989083
T13	10	10	1	1.10388885492
T14	20	20	1	1.54544478892
T15	80	80	1	7.94364715506
T16	40	40	1	5.67698369064
T17	10	10	1	0.0977213209118
T18	40	40	1	4.78354223851
T19	60	60	1	14.8766143722
T20	80	80	1	12.6907498913

