T0	10	10	2	0.148325428218	0.57634981836
T1	90	90	2	6.12651099527	18.0211177122
T2	10	10	2	0.833464677656	1.78985999986
T3	70	70	2	5.62424865869	20.9615242769
T4	90	90	2	5.1768579369	35.453895635
T5	10	10	2	0.444121217315	1.58384630693
T6	20	20	2	0.3936766633	2.75052125212
T7	20	20	2	2.66430064961	14.2724381026
T8	100	100	2	10.8494864099	51.9521191236
T9	90	90	2	14.48900599	73.2780993269
T10	10	10	2	0.521749362554	2.5092450049
T11	10	10	2	1.0093797233	1.75582462606
T12	30	30	1	2.01896624665
T13	10	10	1	0.239075194011
T14	20	20	1	2.25688052796

