S0	T0	30	30	2	1.10665509345	4.35624070237
S0	T11MS0	90	90	1	5.53388792487
S0	T1	10	10	2	0.327867164212	1.51429845856
S0	T12MS1	30	30	1	2.41065391664
S0	T10	40	40	2	0.242251626125	0.242251626125
S0	T13	20	20	1	2.52706106437
S0	T2	30	30	2	0.324025500219	2.54092974386
S0	T14MS2	30	30	1	1.66054673938
S0	T4	70	70	2	9.62677385276	31.3549635133
S1	T3	40	40	2	11.0538134956	32.9044696157
S1	T8	20	20	2	0.516008934917	2.81515945051
S2	T5	90	90	2	6.34358560395	36.3855833869
S2	T6	50	50	2	1.82673592372	11.1200782459
S3	T7	90	90	2	17.4245359908	49.5992055183
S4	T9	70	70	2	6.58752234451	43.6465617372
