S0	T0	10	10	2	0.395961538716	1.8780670024
S0	T11MS0	10	10	1	0.859093482925
S0	T1	30	30	2	1.87646498347	4.55803705646
S0	T2	10	10	2	0.463220063544	2.84094610443
S0	T12MS2	100	100	1	9.60149025597
S0	T8	10	10	2	1.267521667	2.99227575104
S0	T10MS8	10	10	1	0.327198769073
S0	T9	80	80	2	1.38846583074	5.16711354285
S1	T3	30	30	2	3.637100769	10.4461689977
S1	T4	30	30	2	2.22692544657	15.9486115313
S2	T5	10	10	2	0.444563490124	1.93035871923
S2	T6	80	80	2	13.6855537734	60.8503856445
S3	T7	50	50	2	5.89565947701	38.9427958133
