T0	20	20	2	3.68239390194	11.0040574327
T1	60	60	2	2.57367546856	12.7854747929
T2	30	30	2	1.55515190462	5.91936128803
T3	10	10	2	0.89217291681	4.24787784119
T4	20	20	2	0.582877633349	3.88349233747
T5	60	60	2	9.72623209772	53.6875908981
T6	10	10	2	0.355110754569	2.17397997171
T7	60	60	2	2.36831700398	15.3174592363
T8	50	50	2	6.3338051639	32.6474635906
T9	50	50	1	2.05884003197
T10	50	50	1	15.6381136282
T11	10	10	1	1.17720289258
T12	40	40	1	3.93134119658
T13	30	30	1	4.33964089846
T14	30	30	1	2.87017421213
T15	20	20	1	5.59143202859
T16	70	70	1	1.98143305089

