T0	40	40	2	0.348031696149	2.12015679806
T1	30	30	2	1.35688557843	9.09138824345
T2	100	100	2	9.29676416578	55.7699973273
T3	90	90	2	20.82974182	64.2440893328
T4	60	60	2	11.7575456464	34.748233616
T5	40	40	2	6.21495263864	19.2949084352
T6	10	10	2	1.19668184056	4.7839557506
T7	60	60	2	4.47858410599	25.9512662586
T8	10	10	1	0.809084372716
T9	10	10	1	0.683746925727
T10	70	70	1	8.95849918479
T11	10	10	1	0.484993871217
T12	90	90	1	8.24523356278
T13	20	20	1	5.97069798427
T14	10	10	1	0.226063693702
T15	10	10	1	1.51041064757

