T0	60	60	2	0.767286234373	6.03505825522
T1	10	10	2	1.35579342752	3.26429353064
T2	30	30	2	0.659032143441	2.11500829895
T3	10	10	2	0.286887383956	1.96853442323
T4	20	20	2	0.652790252172	3.64012520164
T5	10	10	2	0.655386832644	1.87959900089
T6	40	40	2	2.58338401124	20.4553400969
T7	50	50	2	3.34240561637	20.2524758932
T8	20	20	2	2.45164310789	16.6962213449
T9	30	30	2	2.63579513681	17.8219149831
T10	10	10	2	0.993441437132	1.90358543253
T11	50	50	1	6.51515973082
T12	30	30	1	2.46330785845
T13	40	40	1	13.4536226306
T14	80	80	1	0.574368288709
T15	30	30	1	2.63076498608
T16	40	40	1	0.892510562662

