T0	10	10	2	0.402705750481	1.2121467354
T1	10	10	2	0.0820979656329	0.544464321163
T2	10	10	2	0.169418167247	0.509440031511
T3	10	10	2	0.437570861568	3.17971079119
T4	10	10	2	0.861535978872	6.79047333899
T5	10	10	2	0.506014106335	1.72595025141
T6	30	30	2	4.47563779475	12.8433813492
T7	100	100	2	8.37433259937	23.790017271
T8	30	30	2	1.05037087763	3.74913901514
T9	100	100	2	8.33755565481	53.7737800703
T10	60	60	2	8.68929616237	37.3597346519
T11	30	30	2	5.73975813568	7.57191669832
T12	10	10	1	0.0831330060644
T13	90	90	1	1.65984460993
T14	10	10	1	1.19629719765
T15	10	10	1	0.5730956471
T16	10	10	1	0.528055988969
T17	10	10	1	3.4427681638

