T0	40	40	2	3.86103772991	23.1116444834
T1	30	30	2	3.99000234613	26.4477879248
T2	30	30	2	0.376877693808	2.13926872927
T3	40	40	2	2.23803253009	8.77950998285
T4	40	40	2	8.63467784269	23.8519576066
T5	10	10	2	0.326689184279	2.04836606269
T6	40	40	2	2.6057688441	10.4369640085
T7	30	30	2	0.26570167249	2.10918385422
T8	70	70	2	3.75075052497	23.5052698669
T9	40	40	2	1.9448667388	7.3837040899
T10	30	30	2	5.91213908946	5.91213908946
T11	30	30	1	3.01469421878
T12	10	10	1	2.57925452723
T13	100	100	1	3.14666811722
T14	70	70	1	4.33310224144

