T0	40	40	2	9.45402492334	33.7440603267
T1	10	10	2	0.89659226681	5.12655717451
T2	100	100	2	1.28262122318	5.06135726296
T3	70	70	2	2.68881485031	19.8803604487
T4	90	90	2	6.68539248348	31.2050675109
T5	30	30	2	5.35079680294	20.8604424986
T6	60	60	2	6.03577797551	44.5802123254
T7	80	80	2	9.92395664785	9.92395664785
T8	30	30	1	0.563074172424
T9	20	20	1	4.82697230214
T10	50	50	1	4.41131649137
T11	20	20	1	2.74343301215
T12	10	10	1	0.493339664999
T13	20	20	1	1.83295612969
T14	30	30	1	1.03879416513
T15	60	60	1	4.31418264316

