T0	90	90	2	5.29467494531	19.6266063901
T1	90	90	2	1.79886793678	8.82960797811
T2	30	30	2	0.929215253083	7.39083123246
T3	70	70	2	4.91870559315	27.0155326585
T4	60	60	2	5.06377105071	26.0866494784
T5	30	30	2	2.79028743519	7.12531616849
T6	10	10	2	0.908010595948	5.77402154379
T7	20	20	2	2.58167975824	11.2781397491
T8	10	10	2	0.921557992484	4.05717272651
T9	60	60	2	3.11193171526	20.091424824
T10	10	10	2	0.973510932939	0.973510932939
T11	10	10	1	2.39279341096
T12	50	50	1	6.37113067127
T13	60	60	1	21.8495328061
T14	10	10	1	1.7385296204
T15	10	10	1	0.819750709999
T16	40	40	1	2.05341833774
T17	60	60	1	4.2393757054

