T0	10	10	2	1.08472670724	4.79295480799
T1	10	10	2	0.414721056871	2.48099605822
T2	40	40	2	1.73819993906	13.6178599691
T3	50	50	2	5.00497018766	20.7186174862
T4	40	40	2	7.09298365877	26.7271410009
T5	50	50	2	3.16439144897	10.0308773286
T6	20	20	2	0.941519175062	5.64330935844
T7	50	50	2	4.747849245	24.0631853633
T8	10	10	2	0.471106271724	2.72946988518
T9	10	10	2	1.00429847766	2.1261382913
T10	10	10	1	0.587423881325
T11	20	20	1	1.50249950254
T12	10	10	1	0.356551171828
T13	40	40	1	9.96558665808
T14	80	80	1	5.34298914038

