T0	20	20	2	0.226044214267	1.41717610276
T1	10	10	2	0.217681588441	1.35080739584
T2	80	80	2	11.3186970887	35.1948863578
T3	10	10	2	1.14946075244	6.18210353013
T4	90	90	2	13.2679187844	57.209911542
T5	40	40	2	4.23261601446	13.3811175006
T6	10	10	2	0.396344526237	2.1264265409
T7	10	10	2	0.0711735821195	0.522028444722
T8	10	10	2	0.211119534539	1.60006416379
T9	10	10	2	1.78031866073	7.38165281929
T10	50	50	2	9.4080138697	10.1351602303
T11	20	20	1	2.39543217712
T12	30	30	1	3.44216552361
T13	20	20	1	2.12425143479
T14	10	10	1	2.78403458731
T15	20	20	1	1.08213036823
T16	40	40	1	1.55732334721
T17	40	40	1	6.90057083939

