T0	40	40	2	1.68490044398	9.60124639343
T1	70	70	2	19.0462264246	43.7301640592
T2	10	10	2	0.987452491202	4.46177183364
T3	10	10	2	1.19335015902	4.3863729314
T4	30	30	2	1.79123290374	6.49854630228
T5	90	90	2	0.73384701164	4.51958272664
T6	50	50	2	5.47129932499	27.7436125595
T7	10	10	2	2.13284875044	6.64879638722
T8	30	30	2	10.5704215451	10.9155014521
T9	20	20	1	3.65488107339
T10	70	70	1	7.30002621247
T11	100	100	1	4.67451332018
T12	10	10	1	0.295228260252
T13	100	100	1	8.79934591379
T14	10	10	1	0.615025205384

