T0	30	30	2	7.62948565289	19.6994634907
T1	10	10	2	0.346458707122	2.17815927573
T2	10	10	2	0.490911025846	2.99148035736
T3	10	10	2	0.271053114532	1.05282019414
T4	70	70	2	1.68071867672	6.74495154189
T5	80	80	2	5.49196873579	41.298982006
T6	10	10	2	1.1282432317	4.6618169447
T7	40	40	2	3.55528067419	10.593778896
T8	10	10	2	1.08444628201	6.30172922852
T9	100	100	2	10.7963992229	34.731241886
T10	40	40	1	2.17457120204
T11	40	40	1	3.2753654859
T12	40	40	1	2.55863600296
T13	30	30	1	5.32501648161
T14	20	20	1	5.00204544815

