T0	100	100	2	18.7562386097	83.2654147981
T1	10	10	2	1.10412537107	6.20115796062
T2	70	70	2	12.1868229478	30.4519575316
T3	50	50	2	2.21145199323	7.05549169634
T4	20	20	2	0.784150738011	3.65178647548
T5	40	40	2	1.42359164092	9.56361833713
T6	10	10	2	1.58732616606	6.99506077304
T7	90	90	2	4.04890807133	15.5114398354
T8	70	70	2	11.6764211983	19.4289946397
T9	20	20	1	1.24682007468
T10	30	30	1	3.82289178652
T11	10	10	1	0.844163011821
T12	10	10	1	0.358965668977
T13	100	100	1	3.29296667709
T14	100	100	1	14.5375135007

