S0	T0	10	10	2	0.316714946344	2.46538956432
S0	T12MS0	80	80	1	7.63530723254
S0	T6	10	10	2	2.09186684481	6.66517287602
S0	T11MS6	10	10	1	1.14459014934
S1	T1	20	20	2	3.02947715341	7.23366488538
S1	T2	30	30	2	2.45033283397	8.62044076788
S1	T3	20	20	2	0.680126665158	5.1453535276
S1	T9	20	20	2	0.421697695599	1.85285694558
S2	T10	20	20	2	1.95091869378	2.16814484572
S2	T4	60	60	2	4.62308211449	18.2295783579
S2	T5	10	10	2	1.75349783618	4.83689769581
S3	T7	40	40	2	4.47725251985	22.0110187807
S3	T8	10	10	2	0.399368778452	2.41803175093
