T0	70	70	2	17.425988338	57.2342098137
T1	40	40	2	1.53881556117	4.49345890638
T2	30	30	2	3.03038074611	10.4538947179
T3	60	60	2	1.84112318351	8.15393597614
T4	40	40	2	9.92846830196	23.7909404865
T5	30	30	2	1.04109046673	4.46961666391
T6	30	30	2	1.16727471471	8.3788648876
T7	10	10	2	0.544268310078	2.12192341509
T8	30	30	2	1.18257827849	6.30080773079
T9	10	10	2	1.37963287509	4.41645222449
T10	20	20	2	2.77497668377	5.97498299022
T11	70	70	1	20.0378491982
T12	90	90	1	6.90274360569
T13	40	40	1	7.17475975613

