T0	10	10	2	0.665152375016	2.63554710396
T1	20	20	2	0.138117519428	1.05705859004
T2	10	10	2	0.126995517367	0.962570483872
T3	60	60	2	6.3872939877	22.2739343822
T4	90	90	2	4.66531930988	16.5783205544
T5	10	10	2	0.0705281284724	0.507019092842
T6	30	30	2	6.27082980384	18.6105282811
T7	70	70	2	7.05191151048	44.4065885574
T8	50	50	2	4.56451734617	35.9828735665
T9	90	90	2	6.80976772408	42.3795460493
T10	80	80	2	2.60153292865	10.8740404361
T11	40	40	1	2.96738365852
T12	90	90	1	8.36299668841
T13	60	60	1	4.05342296332
T14	10	10	1	0.412263536653
T15	10	10	1	0.907239770465

