T0	50	50	2	2.3536231361	17.9997247098
T1	10	10	2	1.54497916209	3.86258578049
T2	20	20	2	0.995404005864	5.54879326064
T3	50	50	2	2.39779806439	16.4281824606
T4	20	20	2	4.78690779073	14.2731900965
T5	100	100	2	1.43846480252	8.8994333806
T6	90	90	2	11.8857481416	41.2221996934
T7	10	10	2	0.21557776402	1.02601840577
T8	20	20	2	1.65881239546	12.6027361179
T9	40	40	2	2.60071883675	10.1730675748
T10	10	10	1	0.269618284689
T11	40	40	1	5.18094695986
T12	50	50	1	1.02094140142
T13	20	20	1	0.656348379221
T14	20	20	1	1.38648243555
T15	30	30	1	2.31375448112
T16	80	80	1	6.36517897431

