S0	T0	10	10	2	0.23727916919	1.60327072659
S0	T10MS0	50	50	1	3.99082537442
S0	T12	10	10	1	0.229175758145
S0	T3	20	20	2	2.54526184566	9.44563820386
S0	T11MS3	40	40	1	3.94868052657
S0	T8	10	10	2	0.917882285942	3.05959200238
S0	T13MS8	10	10	1	1.02040451248
S1	T1	70	70	2	6.02673368519	26.7918240726
S1	T2	20	20	2	1.41288611133	8.98371246818
S1	T5	50	50	2	3.35355238797	6.9570476279
S2	T4	20	20	2	3.30511096141	11.8493246442
S2	T7	40	40	2	4.96441562574	15.5614114955
S3	T6	20	20	2	1.56859526833	12.0051571352
S3	T9	10	10	2	1.08605520691	1.08605520691
