T0	10	10	2	0.513303171273	3.86185060893
T1	10	10	2	0.521644308127	2.23709470501
T2	20	20	2	0.736300107947	3.11662425363
T3	40	40	2	6.43631781281	25.8334795957
T4	100	100	2	8.75402167506	62.4473726732
T5	70	70	2	2.65336008699	9.94535742117
T6	20	20	2	1.46604259104	8.7266627742
T7	20	20	2	1.77083440231	14.0236333841
T8	40	40	2	0.308244641157	2.01740747647
T9	10	10	2	0.967296649577	2.33937009889
T10	30	30	1	9.98920513173
T11	60	60	1	14.3382055548
T12	100	100	1	9.22669117375
T13	80	80	1	4.43702275191
T14	80	80	1	1.99854095984
T15	10	10	1	0.431990943872

