S0	T0	10	10	2	0.573414783048	2.92906364339
S0	T11MS0	20	20	1	1.97784173693
S0	T1	10	10	2	0.629535750982	3.83794772797
S0	T4	10	10	2	0.411981942781	1.60604972623
S0	T6	10	10	2	0.205095098634	1.43994452225
S0	T12MS6	20	20	1	1.75229650944
S1	T2	40	40	2	5.05267897363	33.9465062566
S1	T5	30	30	2	0.511290603112	2.46404562169
S2	T10	10	10	2	1.63280925675	1.70102718993
S2	T3	40	40	2	2.26063555841	10.4815732831
S2	T7	10	10	2	0.114457766306	0.850553852029
S2	T9	10	10	2	0.710656334209	3.98962257896
S3	T8	10	10	2	2.19391948592	7.71742233374
