S0	T11	20	20	1	2.154357884
S0	T2	10	10	2	1.20381698426	8.31272151063
S0	T12MS2	10	10	1	2.1352275293
S0	T14MS2	10	10	1	1.37170004903
S0	T8	60	60	2	1.36189839858	3.62919233371
S1	T0	50	50	2	2.25972824611	8.59815695491
S1	T1	10	10	2	0.231138499616	1.10162574157
S1	T3	10	10	2	1.1606177054	2.41880658516
S1	T13MS3	90	90	1	4.29854137689
S1	T4	10	10	2	0.180691972334	0.983187566876
S1	T6	100	100	2	3.46155657234	24.4342464508
S1	T9	30	30	2	0.471381415289	3.43271079412
S2	T10	10	10	2	1.22185512842	2.77125390523
S2	T5	20	20	2	3.46745993459	14.1135414211
S3	T7	80	80	2	19.6276662649	59.5478049888
