S0	T1	10	10	2	0.232247020567	1.12019831847
S0	T3	10	10	2	0.911344157553	6.49270399816
S0	T12MS3	20	20	1	6.81004396816
S0	T5	30	30	2	0.289724494218	1.74094317092
S0	T6	10	10	2	0.167014422871	0.714806498514
S0	T8	20	20	2	0.269851174468	2.06168774033
S1	T0	40	40	2	3.47227501217	15.4563210302
S1	T2	10	10	2	1.72708907063	5.55286994193
S1	T13MS2	50	50	1	5.8427616624
S2	T4	60	60	2	5.01035580041	26.6338271549
S2	T7	80	80	2	1.78127511458	10.9871614694
S2	T9	40	40	2	3.7235396713	13.9530615063
S3	T10	70	70	2	6.60469865325	32.985109685
S3	T11	70	70	2	6.1177343067	18.4197471203
