T0	50	50	2	5.61114170749	27.3094767334
T1	40	40	2	2.21033751266	13.5054423004
T2	10	10	2	0.0706764891192	0.516901895696
T3	10	10	2	0.823704508003	3.73449028874
T4	20	20	2	1.43018665302	10.9575120496
T5	50	50	2	1.23680647236	5.60886361203
T6	20	20	2	1.699333701	8.01766685593
T7	30	30	2	2.50248164035	7.87755379922
T8	30	30	2	2.37169399493	11.5582398438
T9	80	80	2	10.1040569459	45.105762166
T10	10	10	2	0.184171566892	0.184171566892
T11	40	40	1	1.36603898467
T12	10	10	1	1.62049972592
T13	10	10	1	1.03260365572

