S0	T1	80	80	2	0.862681651019	4.4997226162
S0	T4	60	60	2	1.40373696372	9.72138948998
S0	T10MS4	50	50	1	1.29777652071
S0	T9	20	20	2	6.16002859787	14.3651205153
S0	T10MS9	50	50	1	1.29777652071
S1	T0	30	30	2	2.28813788285	9.91226380389
S1	T3	10	10	2	2.14356881375	4.8666148328
S1	T11MS3	10	10	1	0.595549569008
S1	T6	100	100	2	2.80849039558	7.12042697606
S2	T2	70	70	2	6.42625712834	48.0324215112
S2	T7	10	10	2	0.604776775934	1.30390403337
S3	T5	70	70	2	7.04838633076	32.2451419201
S3	T8	80	80	2	18.4111241422	39.8389599035
