S0	T1	40	40	2	2.21033751266	13.5054423004
S0	T11MS1	40	40	1	1.36603898467
S0	T10	10	10	2	0.184171566892	0.184171566892
S0	T2	10	10	2	0.0706764891192	0.516901895696
S0	T3	10	10	2	0.823704508003	3.73449028874
S0	T12MS3	10	10	1	1.62049972592
S0	T13MS3	10	10	1	1.03260365572
S0	T5	50	50	2	1.23680647236	5.60886361203
S1	T0	50	50	2	5.61114170749	27.3094767334
S1	T6	20	20	2	1.699333701	8.01766685593
S2	T4	20	20	2	1.43018665302	10.9575120496
S2	T7	30	30	2	2.50248164035	7.87755379922
S3	T8	30	30	2	2.37169399493	11.5582398438
S3	T9	80	80	2	10.1040569459	45.105762166
