T0	80	80	2	3.18167509249	10.232321311
T1	10	10	2	1.6781364633	7.61085111193
T2	20	20	2	0.582714051658	3.93240321476
T3	10	10	2	0.47362553253	2.72742632125
T4	20	20	2	2.05662858963	11.1597926986
T5	70	70	2	3.65869453152	17.5878872308
T6	20	20	2	2.17772644961	5.54751592741
T7	90	90	2	9.52533860765	36.7384598946
T8	90	90	2	1.11844353209	5.35508448511
T9	10	10	2	1.12601280931	5.70218387262
T10	40	40	2	4.68410721848	4.68410721848
T11	90	90	1	9.56133722762
T12	10	10	1	1.43741106995
T13	100	100	1	12.244692952
T14	20	20	1	1.61701243916
T15	20	20	1	0.709878822891

