S0	T2	10	10	2	0.136837082884	1.0378017224
S0	T12MS2	50	50	1	4.44667535395
S0	T3	20	20	2	1.55960020191	11.6766662167
S0	T11MS3	20	20	1	0.502173038989
S0	T4	10	10	2	0.270146297911	1.07468003951
S0	T10MS4	50	50	1	0.990360288694
S0	T6	70	70	2	1.40600659088	10.4394951422
S1	T0	40	40	2	5.73278100374	29.9530899952
S1	T8	10	10	2	0.154378786009	0.688598920925
S2	T1	10	10	2	1.03366831637	2.75951345022
S2	T5	10	10	2	1.38855861185	7.08602559688
S3	T7	30	30	2	6.59819251146	18.7355142781
S3	T9	30	30	2	2.26301721818	6.87074036395
