T0	50	50	2	3.09678192099	17.2992634168
T1	20	20	2	4.92935244279	16.0643849544
T2	20	20	2	4.21951476523	15.6686627873
T3	40	40	2	1.36494127097	8.80793906461
T4	20	20	2	1.76495384197	3.93581449039
T5	50	50	2	5.22212357156	41.6420326072
T6	10	10	2	0.592512794643	2.17379639309
T7	10	10	2	1.2593793066	2.00152851992
T8	20	20	1	1.62049816118
T9	20	20	1	5.44219952484
T10	30	30	1	0.619166704835
T11	50	50	1	0.627861702528
T12	20	20	1	0.583151555846
T13	40	40	1	2.83937500535
T14	20	20	1	1.72548152428
T15	10	10	1	0.421804176452

