T0	10	10	2	0.491441781579	2.59954573252
T1	50	50	2	1.23589362594	8.78312831766
T2	10	10	2	0.118096609409	0.617171508454
T3	80	80	2	2.49101815216	14.4300323608
T4	30	30	2	0.507626374886	3.6565791262
T5	80	80	2	5.80583612136	43.7693334204
T6	100	100	2	1.45549100151	11.4232758597
T7	90	90	2	5.82588889761	42.913642413
T8	100	100	2	8.98871779452	48.4647471827
T9	40	40	2	4.83196778423	26.363716615
T10	90	90	2	10.6646644422	10.6646644422
T11	10	10	1	1.21118924745
T12	50	50	1	6.38266779233
T13	30	30	1	0.478753723257

