S0	T1	10	10	2	0.224466065444	1.04008782336
S0	T11MS1	20	20	1	0.904049429004
S0	T3	20	20	2	1.80877010945	12.7233951819
S0	T9MS3	20	20	1	1.32551720056
S0	T10MS3	20	20	1	4.17309118654
S0	T5	10	10	2	0.405485352632	1.93826450062
S1	T0	20	20	2	0.870895872167	6.03627973896
S1	T12MS0	80	80	1	4.85746762216
S1	T2	40	40	2	8.47460419975	19.9469902496
S1	T7	80	80	2	3.27667424372	6.64536438532
S2	T4	50	50	2	6.15582326857	28.0313214252
S2	T6	90	90	2	7.97897711594	25.6765584144
S3	T8	30	30	2	5.24052091938	16.0955306551
