T0	50	50	2	4.25277169292	16.263436083
T1	10	10	2	0.1397146875	0.808431963319
T2	10	10	2	0.827541055095	1.82233955693
T3	40	40	2	1.7707235299	10.1512780553
T4	10	10	2	1.04180313667	7.95427624618
T5	20	20	2	3.01115363261	6.68385907821
T6	60	60	2	7.82935149941	37.7248375147
T7	70	70	2	1.2389614006	8.04920294632
T8	50	50	2	5.52793660815	24.2257845486
T9	30	30	1	0.333815448038
T10	10	10	1	0.63427391694
T11	30	30	1	1.90120206806
T12	50	50	1	5.85473742626
T13	60	60	1	1.58157378989
T14	30	30	1	5.79847021964
T15	10	10	1	1.29360658427

