T0	10	10	2	0.108019286656	0.689730494435
T1	30	30	2	1.99857255394	11.6926195774
T2	40	40	2	7.91079685191	27.125873348
T3	10	10	2	0.856082597926	3.70729224114
T4	20	20	2	0.515665027463	3.96183879764
T5	10	10	2	2.16886485706	7.94595640665
T6	40	40	2	7.19914536356	26.7504527518
T7	60	60	2	1.8568804491	1.8568804491
T8	10	10	1	0.227702117896
T9	30	30	1	0.497028338459
T10	60	60	1	8.27607945537
T11	20	20	1	2.87860607355
T12	30	30	1	1.37293339752
T13	50	50	1	6.66396852826
T14	10	10	1	1.3997422418
T15	20	20	1	3.04817675105

