T0	10	10	2	0.65639052737	4.08329575563
T1	10	10	2	1.46563953936	3.52720424506
T2	10	10	2	0.460441865574	1.8653486537
T3	100	100	2	8.21255372541	29.4547816505
T4	70	70	2	2.32424637004	16.5705198665
T5	90	90	2	3.3071947857	25.5843580158
T6	30	30	2	4.30099856181	16.5471827083
T7	50	50	2	2.45117926351	14.925288588
T8	30	30	2	7.68778224963	17.6038929706
T9	60	60	1	1.33412911306
T10	60	60	1	8.67575122433
T11	70	70	1	2.77794925389
T12	20	20	1	0.905753293518
T13	40	40	1	1.85758309985
T14	30	30	1	4.23812853693

