T0	90	90	2	27.2754589002	63.4544885724
T1	20	20	2	1.12640261156	5.58400757312
T2	30	30	2	2.9851261761	11.8234805332
T3	60	60	2	1.63053143883	12.3638272328
T4	10	10	2	0.505796618252	3.50569787284
T5	10	10	2	0.819805649328	6.53360303532
T6	10	10	2	0.693014179121	2.44313173394
T7	50	50	2	1.35140011869	4.98772081253
T8	20	20	2	3.43896365449	5.35144525738
T9	20	20	1	0.184991794267
T10	10	10	1	0.209557803535
T11	70	70	1	3.37628179996
T12	10	10	1	0.474488892625
T13	10	10	1	1.24573102205
T14	10	10	1	1.86149482079

