T0	100	100	2	6.45990485926	44.2491670006
T1	80	80	2	13.2659355841	31.0551172246
T2	20	20	2	0.453355415542	2.5689283654
T3	30	30	2	2.57957183999	18.5693857013
T4	30	30	2	1.92178914087	14.3830526856
T5	10	10	2	1.33146275636	5.43211560993
T6	10	10	2	1.11911105839	4.28220512082
T7	10	10	2	1.005857336	2.13705005168
T8	100	100	2	2.04412130195	5.08643532417
T9	20	20	2	0.764126690039	4.06727467813
T10	90	90	2	0.278385131763	0.278385131763
T11	40	40	1	13.9762667534
T12	30	30	1	1.65140233919
T13	100	100	1	1.08855887687
T14	30	30	1	0.958574151405

