T0	10	10	2	0.668125154334	5.29090898891
T1	10	10	2	0.80498409168	5.1589655543
T2	50	50	2	3.71545669478	24.3178691675
T3	10	10	2	0.432273546515	2.60268919987
T4	70	70	2	1.49993277341	4.21337699183
T5	10	10	2	0.876815995526	6.73091428414
T6	70	70	2	2.39118446587	12.6253810203
T7	10	10	2	0.388791366695	1.18329364952
T8	50	50	2	8.0479556326	33.8205881544
T9	70	70	1	0.512441009106
T10	20	20	1	0.420958249476
T11	10	10	1	0.364892255301
T12	50	50	1	5.31070775185
T13	60	60	1	9.8001504931
T14	10	10	1	0.957563992483
T15	10	10	1	1.16275780811
T16	20	20	1	2.80838712078
T17	100	100	1	14.8479082679

