T0	50	50	2	5.44504274001	18.5248921121
T1	10	10	2	0.28414059786	1.82759191623
T2	20	20	2	2.80923799201	9.618685718
T3	20	20	2	1.0529102924	3.6264248802
T4	30	30	2	2.28117232155	16.9924986383
T5	10	10	2	0.489171792289	2.19666889766
T6	10	10	2	1.49695717851	4.51708018981
T7	30	30	2	2.24722052974	9.1669411458
T8	20	20	2	1.23276909475	8.54091936687
T9	10	10	2	0.636572523376	3.12910120636
T10	20	20	2	0.0235022472076	0.0235022472076
T11	30	30	1	7.67475977765
T12	10	10	1	0.246304412825
T13	50	50	1	4.82944577468

