T0	20	20	2	0.930916948648	6.55857644636
T1	30	30	2	3.5279265783	10.5572764364
T2	60	60	2	4.94863059765	20.6936052574
T3	70	70	2	5.03018197771	15.9020687306
T4	80	80	2	3.99137083926	22.5019802414
T5	90	90	2	9.57010082069	41.4558885336
T6	80	80	2	1.69216661985	9.50371084946
T7	20	20	2	1.00122383291	7.15223624106
T8	90	90	2	17.8032727259	48.9066873123
T9	10	10	2	0.36859480176	1.88357503577
T10	40	40	2	5.34616225764	11.9210822785
T11	20	20	1	2.97823408211
T12	70	70	1	7.15559128757
T13	50	50	1	1.88442123877
T14	10	10	1	0.241855664593
T15	70	70	1	7.6505989326

