S0	T3	20	20	2	2.36057864092	16.591228107
S0	T10MS3	40	40	1	2.07000560496
S0	T8	10	10	2	0.210891074365	1.47990536315
S0	T12MS8	50	50	1	2.1230962815
S1	T1	70	70	2	2.54216222753	12.0924303954
S1	T2	90	90	2	1.06092931961	5.99202972469
S1	T5	50	50	2	1.4858474896	8.31588983269
S1	T9	10	10	2	1.90057857489	5.43394888687
S1	T11MS9	10	10	1	0.669707344655
S2	T0	30	30	2	8.216551755	26.4593258454
S3	T4	100	100	2	7.92081536609	24.0126909544
S3	T6	100	100	2	3.84669414512	28.1392199873
S3	T7	40	40	2	1.35511369505	6.79646486786
