T0	10	10	2	4.09052026609	8.89122117237
T1	20	20	2	0.753735372502	2.20391950735
T2	20	20	2	0.294601683092	1.51547698135
T3	30	30	2	0.977425298411	6.23602948992
T4	100	100	2	10.421976513	34.3190338792
T5	10	10	2	0.744426206575	3.1556723497
T6	30	30	2	1.15997260999	8.10515224824
T7	100	100	2	10.9182630682	59.7796330912
T8	10	10	2	0.308869491774	2.33759360751
T9	20	20	2	2.17907442943	8.61085103295
T10	10	10	2	0.165052990265	0.260128499848
T11	60	60	1	6.39979807324
T12	20	20	1	2.34192237751
T13	10	10	1	1.16203783593
T14	20	20	1	1.52006393848
T15	20	20	1	1.454202574
T16	10	10	1	1.0400673642
T17	10	10	1	0.453743825218

