T0	40	40	2	1.51170453476	3.57931907416
T1	30	30	2	1.98927740417	11.2319153844
T2	40	40	2	10.0928580577	31.4238856573
T3	20	20	2	0.500244081669	1.93098619415
T4	70	70	2	7.90795357605	24.5249375643
T5	20	20	2	5.90251888636	13.3925870561
T6	60	60	2	0.825896539872	3.38164039971
T7	50	50	2	5.19042451256	31.7210729217
T8	10	10	2	0.977666466547	3.20768172964
T9	60	60	2	5.28625270157	7.34624904443
T10	40	40	1	5.51789759667
T11	60	60	1	11.8041752177
T12	60	60	1	14.0150833234
T13	90	90	1	4.30473823623
T14	70	70	1	5.34139847217
T15	50	50	1	2.44098371116
T16	20	20	1	2.33522253736
T17	10	10	1	0.599762305933
T18	10	10	1	1.12171342868
T19	60	60	1	6.50978159461

