T0	10	10	2	0.387013428613	1.15676501228
T1	60	60	2	0.534627105348	3.9883552259
T2	30	30	2	1.95874603066	12.4055301003
T3	20	20	2	3.54947172097	9.98078256695
T4	40	40	2	10.3696734384	22.8882084835
T5	70	70	2	1.49142150569	11.5271155871
T6	20	20	2	2.85988340401	9.60141729278
T7	10	10	2	0.179823176562	1.0253100397
T8	40	40	2	6.41794507596	35.9720042236
T9	20	20	2	0.239113865765	1.31967026066
T10	30	30	2	3.42111266284	3.61591002545
T11	10	10	1	0.968423201656
T12	40	40	1	4.51055154157
T13	80	80	1	5.36263322719
T14	90	90	1	11.9144788361

