S0	T1	10	10	2	0.419284487475	2.91702584451
S0	T11MS1	10	10	1	1.36531894023
S0	T3	70	70	2	11.4897878168	33.4504537633
S0	T4	10	10	2	0.454766785354	2.19596641562
S0	T10MS4	10	10	1	0.744003515677
S1	T0	30	30	2	2.6481061846	19.5912629205
S1	T12MS0	100	100	1	31.3467909012
S1	T2	100	100	2	3.89035061829	19.9899954223
S1	T12MS2	100	100	1	31.3467909012
S2	T5	10	10	2	0.593153279084	2.02927420244
S2	T6	10	10	2	0.993010336762	5.97330843443
S2	T9	50	50	2	8.59949220499	8.59949220499
S3	T7	20	20	2	0.547119226584	4.04986502464
S3	T8	20	20	2	1.21388727906	9.6630747641
