T0	20	20	2	0.942208102398	6.45511317357
T1	40	40	2	0.425380513365	2.67985168683
T2	30	30	2	3.30786472318	21.5401810063
T3	80	80	2	3.62092125668	14.2095712026
T4	30	30	2	0.586681525147	3.66377787394
T5	100	100	2	7.70295949767	61.2871365369
T6	20	20	2	3.97424599644	9.76703740857
T7	10	10	2	0.152704034803	0.985183017416
T8	10	10	2	0.300610917003	2.3758876134
T9	10	10	2	0.317105430874	2.32430748638
T10	90	90	2	18.5142690763	38.0461859035
T11	20	20	1	6.84822146493
T12	10	10	1	1.06896952766
T13	20	20	1	2.35572711252
T14	40	40	1	1.02520041202
T15	10	10	1	0.472184777556

