T0	10	10	2	0.138242525714	0.620558396203
T1	10	10	2	0.855782910145	2.66089721657
T2	30	30	2	2.19515528842	13.3410430771
T3	10	10	2	0.538662404365	1.61580530469
T4	30	30	2	2.67385851207	11.7929339698
T5	10	10	2	0.538735891113	2.88382085749
T6	10	10	2	0.125801801308	0.992778748444
T7	70	70	2	3.10381605324	17.5494290947
T8	20	20	2	2.19135561338	16.8249619652
T9	10	10	2	0.147951574957	1.08416128937
T10	30	30	2	2.95126442876	16.9173179219
T11	10	10	2	0.205337582464	0.205337582464
T12	30	30	1	2.04734929591
T13	90	90	1	9.05467675301
T14	50	50	1	0.977046016398
T15	30	30	1	4.57224949697
T16	20	20	1	3.13561134848
T17	10	10	1	0.779968570079
T18	70	70	1	5.68264064448
T19	10	10	1	0.505092005571

