T0	50	50	2	3.3345604279	12.0748477492
T1	20	20	2	0.378971228767	2.13236547824
T2	20	20	2	1.45068227014	8.87778004589
T3	20	20	2	1.54797796791	10.2076606795
T4	50	50	2	1.17359732492	5.87215787316
T5	20	20	2	1.57751836072	5.95228336478
T6	50	50	2	2.06828689255	15.4993533858
T7	20	20	2	1.35230144611	4.99605348058
T8	10	10	2	1.06604576991	4.59883312489
T9	20	20	2	0.310735952286	2.37301831598
T10	10	10	2	1.09414653447	6.44231439099
T11	50	50	1	3.89774904513
T12	20	20	1	4.77481459235
T13	100	100	1	16.8293046103
T14	10	10	1	0.571548581336
T15	40	40	1	4.93227888644
T16	20	20	1	5.35314649204
T17	30	30	1	3.46148216423

