T0	40	40	2	15.2999108862	31.5358063232
T1	10	10	2	1.69181998493	5.0757153347
T2	10	10	2	0.200276460578	0.813030794405
T3	10	10	2	0.393005716968	1.43208872355
T4	40	40	2	2.9194119828	14.0395746978
T5	40	40	2	2.62501602845	13.7132898229
T6	30	30	2	6.31282079364	13.5677368164
T7	30	30	2	2.83317688218	6.30700186674
T8	100	100	2	10.3047919854	49.3565512302
T9	30	30	2	3.32261833008	3.88928825685
T10	90	90	1	4.16053755914
T11	10	10	1	2.89041881364
T12	10	10	1	1.56143400803
T13	90	90	1	9.7906089362
T14	20	20	1	2.63615157041

