T0	60	60	2	2.80710411796	22.2776354667
T1	10	10	2	2.12939224911	8.64803542351
T2	10	10	2	0.176354065629	1.40339985487
T3	30	30	2	2.35395292948	16.8414359795
T4	80	80	2	1.66504214525	11.1377727799
T5	20	20	2	2.05802033304	7.33549523345
T6	10	10	2	0.627441470818	1.32138379843
T7	10	10	2	0.659401814421	1.62208794558
T8	10	10	2	0.796055117487	3.58288612223
T9	70	70	2	3.32864763873	24.9443335457
T10	10	10	2	0.393662907721	0.472010182751
T11	20	20	1	1.4818883765
T12	60	60	1	5.37217613228
T13	20	20	1	5.04186491187
T14	20	20	1	2.87374680561
T15	30	30	1	2.32401826043
T16	40	40	1	5.67033882657
T17	80	80	1	9.5129559324

