T0	50	50	2	5.52265707542	16.0709660151
T1	90	90	2	19.142757773	54.993645629
T2	20	20	2	0.198394048819	1.09055178616
T3	50	50	2	2.90383558512	20.24428717
T4	50	50	2	2.62209308292	17.1909985668
T5	20	20	2	1.77018472592	11.2855523624
T6	30	30	2	2.49102992184	13.7254205618
T7	20	20	2	0.56668857834	2.52080569075
T8	40	40	2	3.72166142015	15.2184202759
T9	50	50	2	4.67582626811	11.800722019
T10	80	80	1	21.0147186818
T11	20	20	1	0.837351269568
T12	70	70	1	8.49569856383
T13	50	50	1	6.5709942165
T14	50	50	1	2.4239902045
T15	80	80	1	13.3506388517

