S0	T3	20	20	2	0.520190866053	1.40389051773
S0	T6	20	20	2	1.11477116719	2.36199227148
S0	T12MS6	20	20	1	0.766463527284
S0	T8	30	30	2	4.88888460491	13.3467021902
S0	T11MS8	30	30	1	1.70222001559
S0	T9	40	40	2	3.77380303834	8.6594602074
S0	T10MS9	40	40	1	1.23080571175
S1	T0	80	80	2	5.50482629678	20.8730809867
S1	T1	50	50	2	5.65576606922	29.0710379081
S2	T2	30	30	2	1.54338684752	7.88451276425
S2	T4	30	30	2	5.14979282033	17.2063034355
S3	T5	60	60	2	5.04371141248	28.3849988398
S3	T7	60	60	2	9.45535296708	29.913069472
