S0	T0	20	20	2	1.8233611353	7.30844195939
S0	T14MS0	20	20	1	1.78689918149
S0	T10	30	30	2	1.58519905682	8.60603279928
S0	T12MS10	30	30	1	2.25531954746
S0	T6	10	10	2	1.09413222845	3.16068153062
S0	T13MS6	70	70	1	1.12301898328
S1	T1	80	80	2	6.16781417916	42.2060476449
S1	T11	60	60	2	2.13719040361	4.38166941273
S1	T2	20	20	2	0.338905030669	2.59902119506
S1	T3	10	10	2	0.539803007161	1.08822319507
S1	T9	40	40	2	1.27838791935	6.17451291498
S2	T4	50	50	2	9.94776173384	24.0233500792
S2	T5	20	20	2	2.97272322248	7.88816785188
S3	T7	20	20	2	1.0863519554	6.42995873734
S3	T8	20	20	2	0.987754780012	6.83058073412
