T0	40	40	2	1.74478767158	11.9049933225
T1	10	10	2	0.124115082162	0.743609429188
T2	30	30	2	3.22751334764	25.1749963588
T3	80	80	2	4.02098578948	19.6635011597
T4	100	100	2	11.9011430778	37.8673116257
T5	60	60	2	5.08934225946	21.1163226273
T6	60	60	2	6.1878369986	26.2487852793
T7	70	70	2	2.9670602412	23.4264812376
T8	50	50	2	11.1161604124	27.0149157591
T9	60	60	1	3.9331307778
T10	30	30	1	6.75470416439
T11	20	20	1	3.74060336385
T12	30	30	1	3.4357808589
T13	30	30	1	12.1743971504
T14	40	40	1	4.58010399334
T15	10	10	1	1.89690606817
T16	40	40	1	7.2762359667
T17	10	10	1	1.818408998

