T0	60	60	2	2.44205730177	11.7546068804
T1	70	70	2	3.01365662025	22.9811998412
T2	50	50	2	0.912912579976	2.65599112043
T3	30	30	2	1.39946141712	4.83144421747
T4	20	20	2	2.18235239207	4.71600032939
T5	70	70	2	8.13135600894	62.4185215701
T6	50	50	2	0.739403996116	5.52220469313
T7	10	10	2	0.614960071857	2.13625484577
T8	10	10	2	1.64179174009	5.30575224296
T9	30	30	2	0.847947301365	5.6316673362
T10	50	50	2	3.59834861398	14.309339484
T11	30	30	2	4.56256179103	9.1671614625
T12	10	10	1	0.811687023699
T13	50	50	1	16.6918370107
T14	10	10	1	1.27496019754
T15	30	30	1	0.488285764664
T16	10	10	1	1.46198113005
T17	100	100	1	3.41360881192
T18	10	10	1	1.68868648597
T19	70	70	1	4.14529447382
T20	20	20	1	2.63379400576
T21	10	10	1	0.263604097699
T22	70	70	1	0.82196166708
T23	60	60	1	7.52109122038

