S0	T0	20	20	2	2.60044922944	11.3024787752
S0	T12MS0	80	80	1	7.02072043173
S0	T10	10	10	1	1.11402369456
S0	T4	30	30	2	0.840060538135	4.07009887425
S0	T7	10	10	2	0.423905791463	1.4418537833
S0	T11MS7	10	10	1	0.474030608681
S1	T1	10	10	2	0.546772800391	2.63633413697
S1	T3	20	20	2	1.76614101287	7.89500240299
S1	T13MS3	40	40	1	4.69990079986
S1	T6	50	50	2	1.21171614347	3.77432355378
S1	T9	100	100	2	10.045426069	19.2673768862
S2	T2	50	50	2	5.86817149772	43.015989129
S3	T5	30	30	2	2.64356780406	12.3904121998
S3	T8	70	70	2	5.69268339357	31.8600396853
