T0	60	60	2	20.6543432631	48.8229612345
T1	10	10	2	0.842746161436	4.04321069087
T2	20	20	2	1.41968522643	9.10304576169
T3	80	80	2	8.14594502949	18.7051341214
T4	100	100	2	3.16754694157	6.33568451496
T5	10	10	2	0.686447424182	1.81705326612
T6	10	10	2	0.659924094217	2.50831310027
T7	10	10	2	0.734819005374	3.3537747889
T8	80	80	2	6.9802710489	12.9380388046
T9	60	60	1	8.66095155975
T10	90	90	1	2.8992893283
T11	20	20	1	3.07423065677
T12	40	40	1	1.98267415072
T13	50	50	1	6.93718182582
T14	50	50	1	4.7461117249

