S0	T1	10	10	2	0.113854142498	0.904818933866
S0	T10MS1	60	60	1	3.62696539605
S0	T2	10	10	2	0.839411315627	4.30812698862
S0	T12MS2	50	50	1	13.6766941731
S0	T8	20	20	2	1.72267920505	8.54840646332
S0	T11MS8	40	40	1	7.11058022235
S1	T0	70	70	2	3.78235936906	12.076188378
S1	T4	20	20	2	1.67788057387	6.86546474867
S1	T5	50	50	2	3.11232868243	7.01744883288
S1	T9	10	10	1	1.64475845857
S2	T3	10	10	2	1.21926690771	8.75913001953
S3	T6	40	40	2	1.66929921217	9.46011831827
S3	T7	10	10	2	0.860405431259	1.82729933755
