S0	T0	50	50	2	1.36048042643	7.55868422673
S0	T1	80	80	2	1.0558898727	7.23149440071
S0	T2	10	10	2	0.505959772564	1.87324958621
S0	T11MS2	10	10	1	1.06697879573
S0	T3	20	20	2	1.50573576423	3.68529100211
S0	T4	20	20	2	1.4768984834	7.7151201298
S0	T10MS4	60	60	1	9.34373330458
S1	T5	80	80	2	5.51084228356	30.8797276766
S1	T6	10	10	2	0.712919782987	5.56104652851
S1	T12MS6	10	10	1	0.265444377277
S2	T7	90	90	2	6.33570393011	45.2776090716
S2	T8	30	30	2	0.802149905892	3.21525949028
S2	T9	50	50	2	4.91735943224	17.4363004924
