T0	30	30	2	3.17054227999	17.1515954454
T1	40	40	2	0.740108427695	5.77314465084
T2	60	60	2	10.9057687304	26.1017992938
T3	30	30	2	4.96063776818	18.3869531027
T4	90	90	2	1.38595417516	10.470375455
T5	20	20	2	1.61241168445	10.3609841379
T6	10	10	2	0.229266128433	1.69797854282
T7	10	10	2	0.173637698124	0.809048804872
T8	10	10	2	0.673298949344	2.50933663846
T9	10	10	1	0.587974235841
T10	20	20	1	1.73793404078
T11	30	30	1	2.42201531949
T12	30	30	1	1.61387003293
T13	40	40	1	2.02630791811
T14	10	10	1	0.195170382078
T15	70	70	1	1.89922476335

