T0	90	90	2	2.42851180791	11.0920990073
T1	50	50	2	0.68274707083	5.25053350453
T2	60	60	2	7.23096908544	24.9184353709
T3	60	60	2	12.3958151453	33.2795471613
T4	40	40	2	3.4855529327	8.20192074744
T5	50	50	2	1.30506951123	8.39197126151
T6	100	100	2	9.90266012683	30.7290818514
T7	10	10	2	3.86548368096	8.98255268877
T8	30	30	2	3.70031635619	3.70031635619
T9	60	60	1	7.8237807097
T10	100	100	1	2.90341967035
T11	100	100	1	11.3655079298
T12	10	10	1	1.00360472431
T13	100	100	1	2.39484437044
T14	10	10	1	1.59232571678
T15	10	10	1	0.752638815218

