T0	60	60	2	1.63066118359	11.6150681251
T1	10	10	2	0.211865653657	1.67328071874
T2	50	50	2	5.43737086218	32.1389348884
T3	10	10	2	0.136992237927	1.05244846813
T4	60	60	2	4.64250706118	16.3268725394
T5	80	80	2	3.75663388072	18.0383297045
T6	90	90	2	4.51763604222	16.76193944
T7	10	10	2	0.470486669923	2.3272455681
T8	50	50	2	1.70746154351	9.71903729145
T9	10	10	2	0.769915096296	4.73232372291
T10	10	10	2	1.17119195126	6.0688880468
T11	30	30	1	3.93098470991
T12	10	10	1	0.279690414176
T13	40	40	1	0.298774461026
T14	10	10	1	2.0330746341
T15	10	10	1	0.862238696075

