S0	T0	60	60	2	1.63066118359	11.6150681251
S0	T1	10	10	2	0.211865653657	1.67328071874
S0	T11MS1	30	30	1	3.93098470991
S0	T3	10	10	2	0.136992237927	1.05244846813
S0	T12MS3	10	10	1	0.279690414176
S0	T13MS3	40	40	1	0.298774461026
S0	T9	10	10	2	0.769915096296	4.73232372291
S0	T14MS9	10	10	1	2.0330746341
S1	T10	10	10	2	1.17119195126	6.0688880468
S1	T15MS10	10	10	1	0.862238696075
S1	T4	60	60	2	4.64250706118	16.3268725394
S2	T2	50	50	2	5.43737086218	32.1389348884
S2	T5	80	80	2	3.75663388072	18.0383297045
S3	T6	90	90	2	4.51763604222	16.76193944
S3	T7	10	10	2	0.470486669923	2.3272455681
S3	T8	50	50	2	1.70746154351	9.71903729145
