T0	20	20	2	0.44803540296	3.31237115103
T1	40	40	2	7.39787499789	21.8761903092
T2	40	40	2	0.917653294629	7.23697245059
T3	40	40	2	3.33560184068	8.5795567714
T4	40	40	2	2.93934577818	18.0401036622
T5	10	10	2	0.788751442326	3.33215760572
T6	20	20	2	0.824054978903	6.46322126811
T7	90	90	2	2.38981653073	18.0588088905
T8	20	20	2	1.06725586012	6.26789657178
T9	10	10	2	1.0164956048	5.49817131958
T10	80	80	2	1.66549167791	1.66549167791
T11	20	20	1	1.64309059459
T12	30	30	1	2.24709925459
T13	10	10	1	0.376015794782
T14	10	10	1	1.16199793547
T15	20	20	1	3.13786126061
T16	10	10	1	0.239078632487
T17	10	10	1	1.0879100538
T18	20	20	1	1.15430887954
T19	70	70	1	7.5043622718
T20	20	20	1	1.34089058549

