T0	10	10	2	0.430053756054	3.01578229711
T1	10	10	2	3.72727862054	8.7936831411
T2	10	10	2	0.331125834419	1.20426078467
T3	10	10	2	0.767436281158	5.42661133634
T4	10	10	2	0.576887788041	3.9541760209
T5	30	30	2	2.97987616241	20.5836603429
T6	20	20	2	0.655666327397	4.79838037668
T7	10	10	2	0.325946577033	1.23235841032
T8	100	100	2	1.12717706901	1.12717706901
T9	90	90	1	25.3493862674
T10	40	40	1	3.18269083531
T11	10	10	1	2.76100509384
T12	20	20	1	1.87065794515
T13	10	10	1	1.02912232227
T14	20	20	1	4.73172501499
T15	40	40	1	13.4056878283

