T0	50	50	2	3.37612301517	22.4026917985
T1	10	10	2	0.953859043351	3.0546007945
T2	10	10	2	0.792068290372	4.58852207632
T3	70	70	2	15.6959255055	46.2557411612
T4	30	30	2	0.588551659335	2.82961523387
T5	80	80	2	3.72575491315	29.5664260802
T6	50	50	2	3.13815033397	11.5892295592
T7	10	10	2	2.30741086619	6.46042488863
T8	10	10	2	0.851096608002	0.851096608002
T9	10	10	1	0.871377024231
T10	30	30	1	5.52365932529
T11	80	80	1	9.0133474843
T12	20	20	1	2.12492294884
T13	20	20	1	3.43159988972
T14	40	40	1	3.07307472974
T15	20	20	1	2.59704033838
T16	60	60	1	1.47457902141

