T0	90	90	2	2.74435970265	20.7116731779
T1	40	40	2	1.77776588077	7.02770370268
T2	50	50	2	3.21326584382	22.6533016921
T3	50	50	2	10.4438217456	33.1997163964
T4	20	20	2	1.5455839468	8.52636899879
T5	60	60	2	4.50146435567	23.9120610288
T6	40	40	2	0.468355336466	2.09141154893
T7	30	30	2	0.58632420838	2.96252182722
T8	10	10	2	0.282986673047	1.01805861275
T9	30	30	2	0.8298689678	6.02464584848
T10	30	30	2	1.86982423362	8.16983802726
T11	100	100	2	22.2050256942	22.6273203172
T12	80	80	1	5.06825322088
T13	10	10	1	1.21984162287
T14	50	50	1	0.76165417512
T15	10	10	1	0.429491479941
T16	100	100	1	3.59723878318
T17	40	40	1	13.0992704021

