T0	10	10	2	0.146776281141	0.852470040093
T1	40	40	2	0.737989437522	3.20507591796
T2	20	20	2	0.781733889586	5.58253033185
T3	50	50	2	0.935804175843	6.48911669339
T4	10	10	2	1.66068973019	7.58765508338
T5	30	30	2	1.78511741576	9.42174949455
T6	20	20	2	1.00709133866	5.93000794409
T7	40	40	2	1.97955856137	7.90315064146
T8	20	20	2	3.18744561438	9.00883126
T9	10	10	2	1.69218607129	6.34613366603
T10	20	20	2	1.04273899367	1.47518659829
T11	90	90	1	7.23767254537
T12	20	20	1	1.11102471408
T13	10	10	1	0.487504407306
T14	10	10	1	1.04171137636
T15	60	60	1	7.62828298591
T16	20	20	1	1.04370132186
T17	10	10	1	1.23185319494

