S0	T0	70	70	2	0.972365159541	4.54883600328
S0	T14	10	10	1	0.206081369389
S0	T4	40	40	2	5.69382923234	22.5407981207
S0	T15MS4	100	100	1	5.11820341251
S0	T16MS4	50	50	1	1.70612765671
S0	T5	50	50	2	0.833485818035	4.2480870814
S0	T7	20	20	2	0.449913590625	3.41053183084
S0	T15MS7	100	100	1	5.11820341251
S0	T16MS7	50	50	1	1.70612765671
S1	T1	10	10	2	0.958874652812	3.73910396617
S1	T17MS1	30	30	1	3.9072727696
S1	T2	20	20	2	1.06504713332	4.12900619482
S1	T3	40	40	2	1.13228060712	8.0617535294
S1	T6	50	50	2	2.56691917885	9.47490232241
S2	T10	70	70	2	3.90320064957	12.669550809
S2	T11	100	100	2	3.84730115047	21.1926804517
S2	T8	60	60	2	2.14502192126	10.2725372125
S2	T9	30	30	2	3.44428029096	9.86888085333
S3	T12	40	40	2	3.71713748027	15.3260821239
S3	T13	20	20	2	3.36723324081	3.36723324081
