T0	60	60	2	0.61370784609	4.27045619059
T1	10	10	2	0.174999251876	1.3162143827
T2	20	20	2	0.464534053926	2.99281132003
T3	60	60	2	1.3034939197	4.33684481612
T4	20	20	2	2.22234179334	14.3964456996
T5	20	20	2	0.563293343123	3.9434095166
T6	10	10	2	0.234462760499	1.44603224943
T7	80	80	2	8.39025639669	31.5318821886
T8	30	30	2	0.605447647009	2.81111563793
T9	10	10	2	0.15862203929	0.640919736375
T10	10	10	2	1.68271953459	7.05011141664
T11	60	60	2	17.2654206477	33.4038897565
T12	10	10	1	1.22514123636
T13	30	30	1	4.3257449607
T14	50	50	1	2.23511257108

