T0	80	80	2	7.04461644586	53.2955624872
T1	100	100	2	12.1323621484	44.5464352479
T2	10	10	2	0.62555324928	4.80696435388
T3	100	100	2	10.8113691529	85.2307398913
T4	90	90	2	5.25470994469	27.0292374269
T5	50	50	2	2.93409617063	12.5999215583
T6	10	10	2	0.28091517713	0.853784312473
T7	50	50	2	2.38015434555	10.8817779709
T8	70	70	1	3.05923116975
T9	50	50	1	12.8365610791
T10	20	20	1	0.388537130271
T11	100	100	1	10.1577583087
T12	10	10	1	0.949389997447
T13	10	10	1	0.206174400148
T14	10	10	1	2.80592693661

