T0	40	40	2	1.55184136869	11.2128462566
T1	50	50	2	1.50861259949	11.9447056053
T2	70	70	2	2.22888025454	15.0973357541
T3	20	20	2	3.53989071126	9.25096416743
T4	80	80	2	2.44062613653	16.7929044233
T5	10	10	2	0.636636160917	2.95556979131
T6	10	10	2	0.472596127532	3.01629532377
T7	10	10	2	2.31427671122	5.32665469992
T8	30	30	2	0.394491163562	2.31450668355
T9	70	70	2	8.79450683629	52.5115325722
T10	40	40	2	1.41928149763	1.41928149763
T11	10	10	1	1.56205076637
T12	20	20	1	2.00976533043
T13	20	20	1	2.95165412922
T14	90	90	1	11.9374201224
T15	90	90	1	13.4677378981
T16	10	10	1	2.70112022682
T17	10	10	1	0.327210795976
T18	30	30	1	2.64623388697

