T0	10	10	2	0.27319168718	1.00977562489
T1	10	10	2	0.672772229754	4.80485758628
T2	10	10	2	0.704823936623	3.79575808423
T3	10	10	2	0.925320536224	2.31088026774
T4	40	40	2	6.06079555261	24.694809964
T5	70	70	2	0.748071255603	5.42796857735
T6	10	10	2	1.39897564453	3.12223357307
T7	10	10	2	1.57668682226	4.38547618544
T8	10	10	2	2.74190063182	6.31010868947
T9	40	40	2	0.968357074309	5.24713366166
T10	10	10	1	0.50080325535
T11	20	20	1	3.14433004489
T12	60	60	1	3.105319861
T13	90	90	1	8.74047620793
T14	10	10	1	0.209426432892
T15	20	20	1	2.13004471704

