T0	90	90	2	6.25808717162	47.6733905065
T1	100	100	2	18.4896186346	71.1612308549
T2	30	30	2	0.74099833724	5.73005035223
T3	10	10	2	0.745307487556	4.83859623871
T4	40	40	2	0.592352107813	3.21004771064
T5	10	10	2	0.949521692085	4.78550357684
T6	10	10	2	0.585349119989	4.28991149074
T7	40	40	2	6.40400854781	19.8411740275
T8	10	10	1	0.284248739313
T9	20	20	1	1.39316274561
T10	40	40	1	1.07474688173
T11	10	10	1	1.5591250549
T12	20	20	1	1.38211215989
T13	60	60	1	19.5618886772
T14	80	80	1	11.1712921417
T15	10	10	1	1.36057992625

