S0	T0	10	10	2	0.825728540037	3.94761504167
S0	T10MS0	10	10	1	0.937741590878
S0	T3	90	90	2	5.98681890354	38.675121089
S0	T11MS3	90	90	1	18.4875217036
S0	T9	10	10	1	0.814099003073
S1	T1	20	20	2	0.720820795255	3.63557529956
S1	T12	30	30	1	8.0527391899
S1	T2	20	20	2	0.841042813638	6.17666946813
S1	T6	70	70	2	2.17585724326	16.0819779008
S2	T4	20	20	2	1.34158575525	8.68378511632
S2	T5	20	20	2	1.69037708447	9.25970716861
S3	T7	20	20	2	1.05032706695	4.14708434358
S3	T8	20	20	2	3.41731891654	15.0126263386
