T0	100	100	2	9.35124631694	64.587780893
T1	10	10	2	1.64474200299	6.40092639974
T2	10	10	2	0.358801637957	2.19560405099
T3	30	30	2	1.19957047434	9.3056075581
T4	10	10	2	0.709407544584	2.2673215569
T5	30	30	2	4.26940560687	20.0556125502
T6	70	70	2	1.96989837123	11.5860983925
T7	20	20	2	2.61029481598	7.76940822513
T8	20	20	2	0.426985314269	1.57495976319
T9	30	30	2	1.68886687882	1.68886687882
T10	10	10	1	0.404708872013
T11	40	40	1	8.97138436873
T12	80	80	1	3.50059438089
T13	50	50	1	5.05984081496
T14	60	60	1	0.56933016977

