S0	T1	10	10	2	0.336067855931	2.22754985624
S0	T9MS1	10	10	1	0.452396315076
S0	T10MS1	10	10	1	0.451287997248
S0	T11	10	10	1	2.0509635556
S0	T7	20	20	2	2.8615256854	9.93858762966
S0	T12MS7	20	20	1	1.09395853401
S0	T8	10	10	2	0.150359068124	0.193554254374
S1	T0	30	30	2	2.05584295039	13.3310509892
S1	T3	10	10	2	0.819158509342	2.75280556186
S1	T4	30	30	2	0.520678766054	2.62484237296
S1	T6	30	30	2	0.624692804003	4.21284921596
S2	T2	60	60	2	7.86037030021	50.3162130119
S3	T5	40	40	2	6.66622676808	34.9913872721
