T0	10	10	2	1.40746816455	5.27550326024
T1	50	50	2	1.9499714917	13.7068986223
T2	30	30	2	2.19766151551	6.42388287966
T3	100	100	2	10.4495228039	72.5521922764
T4	40	40	2	11.8906622004	29.5220944596
T5	40	40	2	1.88271409519	14.4640001353
T6	10	10	2	0.940253912076	2.17995597434
T7	50	50	2	1.352317328	3.44312970909
T8	90	90	2	13.6497379646	24.4934813658
T9	90	90	1	16.255463999
T10	30	30	1	6.10999957842
T11	20	20	1	1.67342961175
T12	30	30	1	1.06833158439
T13	10	10	1	0.605688253702
T14	10	10	1	1.142726295
T15	80	80	1	11.1349913668

