T0	50	50	2	15.3016971826	37.2289955091
T1	90	90	2	8.45061122565	27.8394295855
T2	100	100	2	5.07855888345	35.611836084
T3	10	10	2	0.636640593596	1.73892180693
T4	80	80	2	16.7746663618	36.4089289719
T5	40	40	2	2.91602010753	23.2431002301
T6	10	10	2	0.587399811086	4.48293787619
T7	30	30	2	0.399089067098	3.02710010134
T8	30	30	2	3.76096338192	6.92088931982
T9	100	100	1	5.1962547024
T10	10	10	1	0.506561167794
T11	20	20	1	3.30835101182
T12	40	40	1	3.12631968943
T13	10	10	1	1.68008506421
T14	30	30	1	8.88050246292

