T0	10	10	2	1.09685040449	5.05229040085
T1	40	40	2	3.65273763727	12.493079867
T2	10	10	2	0.648701350901	2.14436460005
T3	10	10	2	0.289406903852	1.82389869533
T4	60	60	2	8.5152556062	22.8018711009
T5	30	30	2	0.711186206129	3.1027851358
T6	70	70	2	13.5761266061	28.2072457541
T7	70	70	2	5.52495373827	39.3957910221
T8	20	20	2	0.582851931784	3.25356441464
T9	30	30	2	3.30202864881	12.471887299
T10	10	10	2	1.17230963538	1.57994811897
T11	30	30	1	1.45832541341
T12	30	30	1	2.24780869175
T13	40	40	1	3.60454203625
T14	20	20	1	5.76043790314
T15	10	10	1	0.245909440674

