T0	100	100	2	2.1787645113	16.8841034921
T1	100	100	2	5.56989848594	36.0113933059
T2	10	10	2	0.986618820919	6.54538180649
T3	10	10	2	1.49131996973	6.26938234347
T4	80	80	2	7.66011700024	59.9818899929
T5	20	20	2	1.01425634228	3.01705806049
T6	10	10	2	0.882018220979	4.38025606937
T7	20	20	2	1.70266602042	5.018329643
T8	10	10	1	0.956596315584
T9	20	20	1	3.03994578762
T10	10	10	1	0.500876973767
T11	10	10	1	2.42664985249
T12	100	100	1	8.75980615427
T13	30	30	1	4.45854819658
T14	10	10	1	1.35350473885

