T0	20	20	2	1.12587474701	4.0152883988
T1	60	60	2	2.38995000092	14.4179864742
T2	80	80	2	12.3432475955	39.1640114365
T3	60	60	2	7.36402493163	26.1908445774
T4	10	10	2	0.651669185299	1.68358817986
T5	30	30	2	5.29559044345	16.5916396461
T6	50	50	2	2.82174139768	13.4211958575
T7	90	90	2	5.82213685066	42.9425829147
T8	10	10	2	0.840311617696	4.03875328059
T9	20	20	2	3.24038116035	3.24038116035
T10	40	40	1	8.29087063066
T11	30	30	1	1.1523709893
T12	10	10	1	0.440120556247
T13	10	10	1	1.77533548416
T14	10	10	1	1.08128856832
T15	90	90	1	8.01241985665
T16	80	80	1	6.33543957477
T17	50	50	1	1.9989650941

