S0	T11	10	10	1	0.561591336259
S0	T3	30	30	2	1.68762688363	6.0992452757
S0	T9MS3	60	60	1	6.19843655628
S0	T6	20	20	2	4.37283325981	14.3134379057
S0	T10MS6	100	100	1	10.7455997454
S1	T0	70	70	2	1.46652374036	9.23184667434
S1	T7	10	10	2	3.34275654211	8.59907215437
S1	T12MS7	10	10	1	1.48356443667
S2	T1	40	40	2	1.35579619118	10.0915888729
S2	T2	30	30	2	0.664413678139	4.3866789322
S2	T4	80	80	2	10.458755305	47.2078636949
S3	T5	80	80	2	4.82115548147	36.156279683
S3	T8	10	10	2	0.243918727302	0.486650443808
