T0	60	60	2	4.43906778477	34.027958855
T1	20	20	2	2.45911788621	11.5285737977
T2	60	60	2	0.953735512408	4.30553983388
T3	20	20	2	2.13262725771	8.0576151454
T4	10	10	2	0.212331332212	1.47264245951
T5	40	40	2	2.62378759998	17.1089117901
T6	30	30	2	0.472238741784	3.61267001479
T7	90	90	2	3.03415688935	10.8782454956
T8	20	20	2	1.99213643645	14.4774592215
T9	20	20	2	1.08915957229	2.48538746559
T10	20	20	2	0.419102324673	2.34755609503
T11	40	40	1	3.16100445128
T12	20	20	1	2.18932156116
T13	80	80	1	21.7636514822
T14	20	20	1	1.51734373911
T15	10	10	1	1.70238799294
T16	70	70	1	1.84502430797
T17	70	70	1	7.35997654316
T18	40	40	1	3.45845913202

