S0	T0	40	40	2	0.5398719404	4.15787831642
S0	T1	50	50	2	2.03096020989	8.41146087073
S0	T4	10	10	2	0.75465919851	2.12721215064
S0	T12MS4	10	10	1	1.24772448152
S0	T6	10	10	2	1.07522827671	3.67093183444
S0	T10MS6	10	10	1	0.530537449612
S0	T9	10	10	2	0.338695992714	0.338695992714
S1	T3	20	20	2	2.45482312785	14.1793347432
S1	T11MS3	80	80	1	2.38274038876
S2	T2	20	20	2	2.09288895713	6.7634073117
S2	T5	90	90	2	5.29893549212	32.4337940171
S3	T7	30	30	2	3.41279046399	19.4962336965
S4	T8	20	20	2	2.68323330871	9.13505557042
