T0	10	10	2	0.778148109404	2.86492310466
T1	10	10	2	0.991138471325	2.0568315427
T2	10	10	2	0.930779279473	3.49831180024
T3	10	10	2	0.928154221646	6.96832370176
T4	100	100	2	11.2821507217	39.774845332
T5	20	20	2	0.624245657529	4.63956718755
T6	20	20	2	0.405533018606	2.052229097
T7	70	70	2	0.685099709163	5.27055716417
T8	20	20	2	0.720836560929	3.16668850853
T9	100	100	2	9.46675922678	51.3043443052
T10	10	10	2	0.248119442506	1.77028615325
T11	80	80	2	16.4098047951	16.4098047951
T12	20	20	1	1.81833553362
T13	20	20	1	1.81310434494
T14	90	90	1	8.45825274824
T15	20	20	1	4.42645570429
T16	30	30	1	6.855427497

