T0	50	50	2	6.15148903015	36.1966592786
T1	80	80	2	6.63418768926	50.6943881296
T2	30	30	2	0.494382565499	3.32854488455
T3	30	30	2	4.38791631365	13.6659650634
T4	10	10	2	0.324322050613	2.41446333129
T5	100	100	2	2.9577449782	11.434446078
T6	10	10	2	0.323548736758	1.38461857392
T7	10	10	2	0.777052281258	4.9764750151
T8	10	10	2	0.682857111391	4.77890384498
T9	80	80	2	0.489020845355	0.489020845355
T10	30	30	1	2.89477483321
T11	60	60	1	6.34279114968
T12	10	10	1	1.46062665677
T13	40	40	1	1.6846924918
T14	10	10	1	3.01043182432
T15	10	10	1	0.666353512319
T16	20	20	1	6.1364655082
T17	80	80	1	7.94959546039
T18	90	90	1	8.00272387713

