T0	30	30	2	0.647601257755	2.37109638765
T1	60	60	2	3.08118983962	11.8614557292
T2	20	20	2	0.258311145242	1.00845003382
T3	10	10	2	0.588193140043	3.01740026568
T4	70	70	2	7.91964802953	55.1434754613
T5	40	40	2	1.22838032123	6.11989499287
T6	80	80	2	22.7921161291	51.1147065182
T7	50	50	2	4.42729621242	34.666627852
T8	60	60	2	4.35360324094	27.0261101655
T9	80	80	2	7.39785928024	27.811770299
T10	30	30	1	4.09434948344
T11	10	10	1	0.741781589422
T12	20	20	1	1.67800360014
T13	10	10	1	1.23843911239
T14	10	10	1	0.382871392189
T15	40	40	1	5.88407290447
T16	30	30	1	1.36189643625
T17	10	10	1	1.10870244544

