S0	T2	10	10	2	1.07100840085	2.61504371171
S0	T11MS2	70	70	1	4.71170264914
S0	T3	10	10	2	0.989100413707	7.24382312307
S0	T12MS3	20	20	1	2.67790453283
S1	T0	10	10	2	1.14243120356	4.31277588257
S1	T8	10	10	2	0.779586554621	5.10261857716
S1	T13MS8	40	40	1	6.91432692141
S2	T1	50	50	2	0.785766942884	6.02892388894
S2	T4	40	40	2	5.28829522869	11.5870366156
S2	T5	10	10	2	0.264195288387	1.15323237909
S2	T6	20	20	2	0.584939338451	2.44736234213
S2	T9	30	30	2	0.597998661767	4.05614581816
S3	T10	10	10	2	1.09632018951	3.2140404268
S3	T7	50	50	2	5.75774812471	33.4009609541
