S0	T10	10	10	1	1.12569518436
S0	T4	30	30	2	3.09045050137	14.1687852867
S0	T12MS4	30	30	1	0.996782711254
S0	T5	10	10	2	1.26186027698	3.58334482451
S0	T9MS5	10	10	1	0.130304418806
S0	T8	20	20	2	0.0351375770852	0.0351375770852
S1	T0	80	80	2	6.02181938645	31.2330759622
S1	T1	10	10	2	0.529784713619	1.62262824148
S1	T11	10	10	1	2.04867939928
S2	T2	80	80	2	5.93102369565	29.6817670568
S2	T3	20	20	2	5.50470409047	11.9553337917
S3	T6	20	20	2	4.93673769375	14.6553311605
S4	T7	60	60	2	4.92761685513	36.8030511788
