T0	40	40	2	9.38124156265	30.8444858769
T1	100	100	2	26.2965349127	81.2953167306
T2	30	30	2	1.66631934957	8.37767173755
T3	80	80	2	6.59772737175	44.6229813857
T4	50	50	2	5.32229596943	37.8310914301
T5	70	70	2	1.02086521719	5.07722633773
T6	40	40	2	1.20050397958	7.16676891162
T7	30	30	2	1.69369145268	6.96835905043
T8	40	40	2	0.831048441087	1.53160810541
T9	60	60	1	8.80174830325
T10	40	40	1	10.5407244442
T11	50	50	1	4.33631245011
T12	60	60	1	4.28291390491
T13	40	40	1	4.89894142285
T14	20	20	1	2.08679270108

