T0	80	80	2	6.16747023229	35.7540428137
T1	10	10	2	2.9312279302	5.9931984129
T2	10	10	2	0.5159960464	3.1350155345
T3	70	70	2	9.85964872143	53.4019849367
T4	80	80	2	6.24277617023	37.5487730144
T5	10	10	2	0.365784185233	2.42265882746
T6	10	10	2	0.474097566706	1.09140435326
T7	60	60	2	2.34104785907	15.1106264071
T8	50	50	2	2.67157969318	18.3424115285
T9	70	70	2	1.72349740015	5.76076734491
T10	10	10	2	0.556129098639	0.556129098639
T11	10	10	1	1.33492949756
T12	10	10	1	1.09943511118
T13	60	60	1	1.9152009272
T14	60	60	1	1.70650391611
T15	60	60	1	6.15214863577

