T0	10	10	2	1.38496315048	7.83567378914
T1	10	10	2	0.440890410636	1.67051490014
T2	10	10	2	0.772462677163	4.71288348125
T3	20	20	2	2.78079433028	6.05118318567
T4	30	30	2	1.811368006	12.2090666653
T5	50	50	2	1.53164820051	10.1598274152
T6	10	10	2	0.55937706765	3.20031405922
T7	10	10	2	1.60241624601	3.80397943885
T8	80	80	2	2.06477597048	11.2708942142
T9	10	10	2	1.10027579073	5.24052659032
T10	10	10	1	0.438095085106
T11	50	50	1	4.77610693663
T12	40	40	1	5.03855820489
T13	50	50	1	2.14997881163
T14	10	10	1	1.44227803125
T15	20	20	1	4.94450710867
T16	10	10	1	0.345112576293
T17	20	20	1	0.954122018353

