T0	40	40	2	4.4991403542	34.1081844261
T1	50	50	2	11.7997490862	33.6485005262
T2	70	70	2	0.958558382614	6.57320782904
T3	100	100	2	5.91791850875	19.8527705882
T4	20	20	2	0.903462966948	6.00643639632
T5	30	30	2	4.65771707015	20.1227851891
T6	10	10	2	0.355263062418	2.19376100834
T7	10	10	2	0.252490677603	0.764975515392
T8	20	20	2	0.557733353321	3.17461714961
T9	10	10	2	2.00106266405	4.5620886798
T10	10	10	1	1.99279023721
T11	40	40	1	1.83721079141
T12	40	40	1	10.5631672803
T13	10	10	1	1.47791506412
T14	10	10	1	1.59580749127
T15	100	100	1	3.83044071174
T16	70	70	1	19.012051129

