S0	T2	70	70	2	2.90749879978	15.0485997453
S0	T5	10	10	2	0.589059942177	3.70421280196
S0	T10MS5	50	50	1	8.96173254533
S0	T12MS5	10	10	1	0.577219236001
S0	T7	20	20	2	3.0581614091	7.91473917676
S0	T11MS7	60	60	1	6.05126863452
S1	T0	80	80	2	6.67951662779	51.8744138082
S1	T3	20	20	2	0.241113462311	1.50249783624
S1	T6	90	90	2	1.75057527332	12.1779807509
S2	T1	80	80	2	12.5998839926	60.1565337026
S2	T8	30	30	2	0.772745635911	5.72034403343
S3	T4	20	20	2	2.65371935283	11.4547944699
S3	T9	20	20	2	1.97895904666	6.89242547468
