T0	100	100	2	22.6682551568	55.0934718703
T1	80	80	2	7.07266893031	27.8270742354
T2	40	40	2	2.22309242858	17.4788886725
T3	10	10	2	1.10575839696	3.27963046259
T4	10	10	2	0.357361534922	2.53859590324
T5	70	70	2	8.0198677756	53.7122369608
T6	10	10	2	0.466621062099	2.76598493232
T7	10	10	2	0.103669823406	0.813694199464
T8	60	60	2	6.94174800152	38.1733339577
T9	30	30	2	0.627725498489	0.627725498489
T10	100	100	1	4.75722042697
T11	50	50	1	0.702069074699
T12	60	60	1	4.93318661389
T13	10	10	1	0.211774996482

