S0	T0	10	10	2	0.268595557168	0.647855539865
S0	T1	20	20	2	1.89127588311	11.2507563538
S0	T11MS1	30	30	1	2.17529363787
S0	T10	10	10	2	1.32860311974	1.32860311974
S0	T11MS10	30	30	1	2.17529363787
S0	T2	20	20	2	0.246038887405	1.92282940251
S0	T3	10	10	2	0.317668922405	0.94670724348
S1	T5	10	10	2	1.42902783493	6.05365208587
S1	T12MS5	10	10	1	1.28715410211
S1	T6	40	40	2	0.623840950892	4.57618345379
S1	T9	90	90	2	3.60313471672	21.3088650358
S2	T4	30	30	2	7.33543095961	26.4130428797
S3	T7	40	40	2	2.9091775767	11.9344775621
S3	T8	40	40	2	3.88845578974	24.5468983267
