T0	10	10	2	1.14243120356	4.31277588257
T1	50	50	2	0.785766942884	6.02892388894
T2	10	10	2	1.07100840085	2.61504371171
T3	10	10	2	0.989100413707	7.24382312307
T4	40	40	2	5.28829522869	11.5870366156
T5	10	10	2	0.264195288387	1.15323237909
T6	20	20	2	0.584939338451	2.44736234213
T7	50	50	2	5.75774812471	33.4009609541
T8	10	10	2	0.779586554621	5.10261857716
T9	30	30	2	0.597998661767	4.05614581816
T10	10	10	2	1.09632018951	3.2140404268
T11	70	70	1	4.71170264914
T12	20	20	1	2.67790453283
T13	40	40	1	6.91432692141

