S0	T0	100	100	2	22.6682551568	55.0934718703
S0	T10MS0	100	100	1	4.75722042697
S0	T3	10	10	2	1.10575839696	3.27963046259
S0	T11MS3	50	50	1	0.702069074699
S0	T7	10	10	2	0.103669823406	0.813694199464
S0	T9	30	30	2	0.627725498489	0.627725498489
S1	T4	10	10	2	0.357361534922	2.53859590324
S1	T13MS4	10	10	1	0.211774996482
S1	T8	60	60	2	6.94174800152	38.1733339577
S1	T12MS8	60	60	1	4.93318661389
S2	T1	80	80	2	7.07266893031	27.8270742354
S2	T2	40	40	2	2.22309242858	17.4788886725
S3	T5	70	70	2	8.0198677756	53.7122369608
S4	T6	10	10	2	0.466621062099	2.76598493232
