S0	T2	80	80	2	4.88075219951	19.5201682212
S0	T12MS2	80	80	1	6.65547999555
S0	T3	50	50	2	2.79065973791	22.1900419099
S0	T9MS3	50	50	1	2.52764226733
S0	T6	10	10	2	0.335281148129	2.57286327348
S0	T11MS6	10	10	1	1.67982594732
S1	T0	30	30	2	0.297094939833	2.22267997443
S1	T1	70	70	2	10.6102488672	44.148589594
S1	T10	30	30	1	3.86599857845
S2	T4	40	40	2	9.63532041663	21.1240268596
S2	T7	10	10	2	0.479644101925	3.40530844231
S3	T5	30	30	2	4.57498363959	25.7345090803
S4	T8	80	80	2	15.9666543782	25.8943021668
