S0	T0	80	80	2	6.16747023229	35.7540428137
S0	T12	10	10	1	1.09943511118
S0	T2	10	10	2	0.5159960464	3.1350155345
S0	T11MS2	10	10	1	1.33492949756
S0	T15MS2	60	60	1	6.15214863577
S0	T6	10	10	2	0.474097566706	1.09140435326
S0	T13MS6	60	60	1	1.9152009272
S1	T1	10	10	2	2.9312279302	5.9931984129
S1	T14MS1	60	60	1	1.70650391611
S1	T10	10	10	2	0.556129098639	0.556129098639
S1	T5	10	10	2	0.365784185233	2.42265882746
S1	T9	70	70	2	1.72349740015	5.76076734491
S2	T3	70	70	2	9.85964872143	53.4019849367
S3	T4	80	80	2	6.24277617023	37.5487730144
S3	T7	60	60	2	2.34104785907	15.1106264071
S4	T8	50	50	2	2.67157969318	18.3424115285
