S0	T1	20	20	2	1.46138174048	3.9290635194
S0	T11MS1	20	20	1	1.2435027634
S0	T6	40	40	2	8.85460812233	32.092777476
S0	T10MS6	40	40	1	4.57108357051
S1	T0	20	20	2	1.30636739163	2.69894370542
S1	T2	70	70	2	3.321275108	23.6727907169
S1	T3	50	50	2	0.876548852791	5.69568661234
S1	T4	10	10	2	0.452242626876	2.52276179789
S1	T12MS4	10	10	1	0.770150823147
S2	T5	10	10	2	0.43606015595	2.74124705565
S2	T7	80	80	2	9.55845280057	42.529869555
S3	T8	20	20	2	1.12048867478	6.41187108261
S4	T9	30	30	2	3.4931116028	22.0669780849
