T0	20	20	2	0.576034142155	1.23540855494
T1	10	10	2	0.335343518497	2.52365137244
T2	40	40	2	4.57764078762	24.4213844808
T3	80	80	2	3.64718090426	12.2368308598
T4	20	20	2	3.62529578309	8.77568270444
T5	50	50	2	5.22612270767	19.1984115408
T6	20	20	2	4.35382871682	13.0271151039
T7	30	30	2	1.02587869769	4.25586488265
T8	20	20	2	4.44546126776	12.1725617215
T9	20	20	2	1.59141612694	7.95542134362
T10	20	20	1	2.5737529663
T11	10	10	1	1.42069888736
T12	100	100	1	13.614023428
T13	30	30	1	1.4363128455
T14	40	40	1	3.74524797434

