T0	60	60	2	5.35210165694	27.4416058195
T1	100	100	2	4.47195783163	27.4083987963
T2	30	30	2	1.80306932808	6.28064631994
T3	10	10	2	2.08908544247	7.81314271736
T4	40	40	2	1.42439167648	8.93280239043
T5	100	100	2	20.1331800641	61.5813422585
T6	40	40	2	2.83920408467	7.47426166422
T7	50	50	2	1.51353323134	5.95750859976
T8	20	20	2	1.45837524426	6.8753944264
T9	80	80	2	2.6965512144	16.5186015106
T10	80	80	2	16.6341143196	22.5995463864
T11	10	10	1	1.14507176118
T12	20	20	1	1.61636666691
T13	20	20	1	0.315476208235
T14	20	20	1	2.35035230385

