T0	90	90	2	3.05900287623	21.6581577524
T1	80	80	2	1.88154759609	13.7085862222
T2	40	40	2	2.54987363844	8.30989079564
T3	100	100	2	8.98767759001	50.0464118514
T4	40	40	2	2.29155477299	6.85466573963
T5	10	10	2	0.13313789819	0.651508889678
T6	70	70	2	8.89228093176	61.6588698574
T7	90	90	2	16.7384971946	51.4329546397
T8	30	30	2	1.2114383973	5.5604717334
T9	30	30	2	5.9237714801	21.1680067378
T10	30	30	1	11.2968044237
T11	20	20	1	6.54298082543
T12	10	10	1	0.295848248215
T13	60	60	1	4.3691055089
T14	80	80	1	8.58238735577

