S0	T2	30	30	2	1.80306932808	6.28064631994
S0	T3	10	10	2	2.08908544247	7.81314271736
S0	T11MS3	10	10	1	1.14507176118
S0	T12MS3	20	20	1	1.61636666691
S0	T13MS3	20	20	1	0.315476208235
S1	T0	60	60	2	5.35210165694	27.4416058195
S1	T6	40	40	2	2.83920408467	7.47426166422
S1	T8	20	20	2	1.45837524426	6.8753944264
S1	T14MS8	20	20	1	2.35035230385
S2	T1	100	100	2	4.47195783163	27.4083987963
S2	T4	40	40	2	1.42439167648	8.93280239043
S2	T7	50	50	2	1.51353323134	5.95750859976
S2	T9	80	80	2	2.6965512144	16.5186015106
S3	T10	80	80	2	16.6341143196	22.5995463864
S3	T5	100	100	2	20.1331800641	61.5813422585
