T0	30	30	2	0.286734659751	1.75126622511
T1	30	30	2	1.05159138959	7.02920319742
T2	10	10	2	0.249365066171	1.73592254191
T3	30	30	2	2.0871446411	13.021495557
T4	10	10	2	0.175220944567	0.723455762567
T5	40	40	2	2.75941694422	9.37273380581
T6	10	10	2	0.239693753601	1.20066890183
T7	30	30	2	7.03810045888	20.9883785432
T8	90	90	2	2.25655746291	4.68791411048
T9	80	80	2	16.7801734676	34.0299248644
T10	10	10	2	0.560243836021	3.88972744716
T11	80	80	2	3.08149022423	24.0699315225
T12	20	20	2	1.81329328203	10.1204653204
T13	20	20	1	2.43717868899
T14	20	20	1	2.17917885092
T15	10	10	1	2.89605603855
T16	10	10	1	2.8031503327
T17	20	20	1	1.74194692323

