S0	T5	10	10	2	0.13313789819	0.651508889678
S0	T12MS5	10	10	1	0.295848248215
S0	T8	30	30	2	1.2114383973	5.5604717334
S0	T13MS8	60	60	1	4.3691055089
S0	T9	30	30	2	5.9237714801	21.1680067378
S0	T10MS9	30	30	1	11.2968044237
S1	T0	90	90	2	3.05900287623	21.6581577524
S1	T1	80	80	2	1.88154759609	13.7085862222
S1	T11	20	20	1	6.54298082543
S1	T2	40	40	2	2.54987363844	8.30989079564
S1	T14MS2	80	80	1	8.58238735577
S2	T3	100	100	2	8.98767759001	50.0464118514
S2	T4	40	40	2	2.29155477299	6.85466573963
S3	T6	70	70	2	8.89228093176	61.6588698574
S4	T7	90	90	2	16.7384971946	51.4329546397
