T0	10	10	2	1.0521846262	7.82292535701
T1	50	50	2	2.72471604378	17.1328820617
T2	60	60	2	2.14928524201	13.8226286927
T3	20	20	2	0.504712910719	3.54114854206
T4	30	30	2	2.6269748122	10.4622996451
T5	20	20	2	5.01926741563	12.8443452258
T6	10	10	2	0.284079795867	0.807402939677
T7	20	20	2	0.580740179309	2.8441994187
T8	70	70	2	2.09441076096	13.2431931183
T9	80	80	2	3.71140630747	11.0893203387
T10	10	10	2	2.1178168171	6.25899426037
T11	40	40	1	4.57595029181
T12	10	10	1	0.847519793242
T13	60	60	1	9.63839221888

