S0	T0	50	50	2	2.93780567679	21.6694298768
S0	T10MS0	50	50	1	6.97861054732
S0	T1	10	10	2	0.34337756787	1.51943647109
S0	T11MS1	10	10	1	0.911687472482
S0	T12	10	10	1	1.43474594477
S0	T2	20	20	2	0.948761454337	2.06693844365
S0	T9	10	10	2	1.60370776746	1.60370776746
S1	T3	30	30	2	0.878611427906	5.04388801579
S1	T4	50	50	2	4.48844812153	28.8295711291
S2	T5	90	90	2	6.34550954632	47.3386054481
S3	T6	50	50	2	7.30017668982	25.8311834434
S4	T7	70	70	2	8.18497281705	35.9374175021
S5	T8	90	90	2	11.2362876867	49.5206262784
