S0	T0	70	70	2	2.67996635	13.2711613858
S0	T10	10	10	1	1.45643789157
S0	T2	10	10	2	0.594347076567	3.64403361826
S0	T11MS2	20	20	1	0.721804832754
S0	T13MS2	30	30	1	4.25833607545
S0	T8	20	20	2	1.78893224942	5.24079968004
S0	T12MS8	40	40	1	4.19070919678
S1	T1	70	70	2	4.70084029152	35.9940459215
S1	T3	90	90	2	1.68006677136	11.686342169
S1	T5	60	60	2	2.66717231116	18.4813649495
S2	T4	50	50	2	4.00250973767	19.356200534
S2	T7	90	90	2	8.10601066049	49.3999625433
S3	T6	50	50	2	7.31824328249	44.0409730013
S3	T9	100	100	2	5.62561636939	11.5065039464
