S0	T1	40	40	2	1.62233269482	5.88074321373
S0	T3	70	70	2	3.69985758925	23.8085746315
S0	T12MS3	70	70	1	4.35037404108
S0	T7	50	50	2	7.6272831509	22.8656132147
S0	T13MS7	50	50	1	3.68617582429
S1	T0	20	20	2	0.843181084237	6.03354221909
S1	T11	90	90	2	4.61478869653	6.31445635063
S1	T2	30	30	2	1.32790306823	8.50348785326
S1	T6	10	10	2	0.123390101125	0.607602635942
S1	T8	90	90	2	2.72820788776	19.9683738778
S2	T4	30	30	2	2.48504971396	14.981024519
S2	T9	40	40	2	2.79169916306	8.70419956101
S3	T5	10	10	2	0.951090721989	6.57742906524
S4	T10	20	20	2	1.13075273688	8.85825728947
