T0	10	10	2	1.58000197841	4.54994951569
T1	10	10	2	1.96797373752	7.80944370216
T2	20	20	2	3.39406769766	15.9440453881
T3	50	50	2	4.94096603007	32.7332188504
T4	60	60	2	1.9101154704	5.1572017875
T5	70	70	2	5.28557966159	24.838185789
T6	20	20	2	0.267183915651	1.53262486043
T7	10	10	2	0.385083624141	2.96444613166
T8	40	40	2	1.51470027901	7.36146080584
T9	20	20	2	0.285941335702	0.285941335702
T10	80	80	1	1.33264326384
T11	50	50	1	4.1292379112
T12	30	30	1	6.93824337457
T13	40	40	1	5.46395981897
T14	10	10	1	0.703962471319
T15	40	40	1	8.95097509591

