T0	20	20	2	1.37720227213	3.7888450432
T1	60	60	2	6.59699771324	19.8168279682
T2	10	10	2	1.53261865818	5.65649445964
T3	50	50	2	12.790262677	28.4518290141
T4	20	20	2	0.854539431458	2.84793373448
T5	90	90	2	5.83958678481	41.9338508634
T6	10	10	2	2.03949081064	8.37993494174
T7	10	10	2	0.7406470774	4.05664442812
T8	90	90	2	2.92967024285	17.3348472492
T9	20	20	2	0.0199108321759	0.0199108321759
T10	20	20	1	1.68204083696
T11	20	20	1	7.81145517326
T12	10	10	1	2.44984535199
T13	40	40	1	1.78425940342
T14	70	70	1	5.66697164528
T15	30	30	1	4.97323201593
T16	90	90	1	5.55287305948

