T0	20	20	2	2.33469642245	17.7153955925
T1	60	60	2	0.977312242054	6.33376796187
T2	20	20	2	2.26801807654	7.57326907244
T3	40	40	2	1.49593591848	4.71931270275
T4	70	70	2	24.8285916362	60.0996250764
T5	20	20	2	3.40620610358	12.6169746594
T6	30	30	2	3.53277934356	14.2661168304
T7	50	50	2	2.70454152649	12.3534558325
T8	10	10	1	0.254873973819
T9	10	10	1	0.979690058093
T10	70	70	1	10.3515615594
T11	50	50	1	9.38828227173
T12	10	10	1	1.50862361781
T13	10	10	1	0.650276321213
T14	30	30	1	0.844202838783
T15	10	10	1	1.18088757753

