S0	T0	20	20	2	0.221400520842	1.5868816255
S0	T2	10	10	2	1.01528920125	2.97802971404
S0	T11MS2	10	10	1	1.07291881727
S0	T9	20	20	2	1.95465681677	10.6359747029
S0	T10MS9	80	80	1	6.13361581376
S1	T3	10	10	2	3.01405812835	7.53874580376
S1	T12MS3	10	10	1	1.93851211431
S1	T4	40	40	2	1.0704001016	5.14808277893
S2	T1	100	100	2	21.0289619803	70.1491073366
S2	T5	90	90	2	5.51707874166	22.2965197702
S3	T6	60	60	2	3.14751706617	18.005441801
S3	T7	50	50	2	9.55696015754	19.8039417353
S3	T8	30	30	2	1.06980628767	7.89233547044
