T0	60	60	2	3.76060698534	25.6681297532
T1	20	20	2	0.294101961517	2.05650435209
T2	10	10	2	0.364488070531	2.09708101914
T3	20	20	2	4.46332441774	11.2024601208
T4	80	80	2	1.34377439095	9.1496886822
T5	80	80	2	3.14591257905	12.2528630057
T6	90	90	2	12.0980628929	77.926301009
T7	50	50	2	1.15185364134	5.47240234402
T8	20	20	2	0.445633707098	3.26915910848
T9	20	20	2	0.990153699635	4.27573070214
T10	50	50	2	2.23986997182	6.65873141804
T11	10	10	2	2.58261681638	6.46294661032
T12	20	20	1	1.10947666982
T13	40	40	1	7.25078764807
T14	60	60	1	9.10394246344
T15	20	20	1	5.2881364773
T16	90	90	1	6.46745739829
T17	30	30	1	0.97425712893

